game_id,date,home,vis,time,period,mins,secs,pos,team,event,event_deets,block,steal,home_desc,vis_desc,score,home_score,vis_score
0022000150,2021-01-11,CLE,MEM,0.0,1,12,0,,,period_start,0,False,False,,,0-0,0,0
0022000150,2021-01-11,CLE,MEM,0.0,1,12,0,,CLE,jump_ball,0,False,False,Jump Ball Drummond vs. Valanciunas: Tip to Osman,,0-0,0,0
0022000150,2021-01-11,CLE,MEM,0.3,1,11,42,CLE,CLE,fg_make,6,False,False,Okoro 2' Driving Layup (2 PTS) (Drummond 1 AST),,2-0,2,0
0022000150,2021-01-11,CLE,MEM,0.62,1,11,23,MEM,MEM,fg3_miss,1,False,False,,MISS Clarke 3PT Jump Shot,2-0,2,0
0022000150,2021-01-11,CLE,MEM,0.65,1,11,21,CLE,CLE,reb,0,False,False,Drummond REBOUND (Off:0 Def:1),,2-0,2,0
0022000150,2021-01-11,CLE,MEM,0.98,1,11,1,CLE,CLE,fg3_miss,79,False,False,MISS Dotson 30' 3PT Pullup Jump Shot,,2-0,2,0
0022000150,2021-01-11,CLE,MEM,1.03,1,10,58,MEM,MEM,reb,0,False,False,,Anderson REBOUND (Off:0 Def:1),2-0,2,0
0022000150,2021-01-11,CLE,MEM,1.27,1,10,44,MEM,MEM,fg_make,86,False,False,,Brooks 9' Turnaround Fadeaway (2 PTS) (Jones 1 AST),2-2,2,2
0022000150,2021-01-11,CLE,MEM,1.5,1,10,30,CLE,CLE,fg_make,52,False,False,Nance Jr. 2' Alley Oop Dunk (2 PTS) (Drummond 2 AST),,4-2,4,2
0022000150,2021-01-11,CLE,MEM,1.68,1,10,19,MEM,MEM,fg3_miss,1,False,False,,MISS Brooks 29' 3PT Jump Shot,4-2,4,2
0022000150,2021-01-11,CLE,MEM,1.72,1,10,17,CLE,CLE,reb,0,False,False,Drummond REBOUND (Off:0 Def:2),,4-2,4,2
0022000150,2021-01-11,CLE,MEM,1.88,1,10,7,CLE,CLE,fg_make,7,False,False,Drummond 3' Dunk (2 PTS) (Nance Jr. 1 AST),,6-2,6,2
0022000150,2021-01-11,CLE,MEM,2.17,1,9,50,MEM,MEM,fg_miss,73,True,False,,MISS Clarke 2' Driving Reverse Layup,6-2,6,2
0022000150,2021-01-11,CLE,MEM,2.17,1,9,50,MEM,CLE,block,73,True,False,block,block,6-2,6,2
0022000150,2021-01-11,CLE,MEM,2.17,1,9,50,MEM,MEM,reb,0,False,False,,Grizzlies Rebound,6-2,6,2
0022000150,2021-01-11,CLE,MEM,2.22,1,9,47,MEM,CLE,foul,2,False,False,Drummond S.FOUL (P1.T1) (G.Petraitis),,6-2,6,2
0022000150,2021-01-11,CLE,MEM,2.22,1,9,47,MEM,MEM,ft_make,11,False,False,,Clarke Free Throw 1 of 2 (1 PTS),6-3,6,3
0022000150,2021-01-11,CLE,MEM,2.22,1,9,47,MEM,MEM,ft_miss,12,False,False,,MISS Clarke Free Throw 2 of 2,6-3,6,3
0022000150,2021-01-11,CLE,MEM,2.27,1,9,44,CLE,CLE,reb,0,False,False,Drummond REBOUND (Off:0 Def:3),,6-3,6,3
0022000150,2021-01-11,CLE,MEM,2.57,1,9,26,CLE,CLE,fg3_make,1,False,False,Nance Jr. 25' 3PT Jump Shot (5 PTS) (Okoro 1 AST),,9-3,9,3
0022000150,2021-01-11,CLE,MEM,2.92,1,9,5,MEM,MEM,tov,45,False,False,,Brooks Out of Bounds - Bad Pass Turnover Turnover (P1.T1),9-3,9,3
0022000150,2021-01-11,CLE,MEM,3.13,1,8,52,CLE,CLE,fg_make,6,False,False,Dotson 2' Driving Layup (2 PTS),,11-3,11,3
0022000150,2021-01-11,CLE,MEM,3.17,1,8,50,MEM,MEM,timeout,1,False,False,,Grizzlies Timeout: Regular (Reg.1 Short 0),11-3,11,3
0022000150,2021-01-11,CLE,MEM,3.43,1,8,34,MEM,MEM,fg_make,6,False,False,,Clarke 1' Driving Layup (3 PTS) (Anderson 1 AST),11-5,11,5
0022000150,2021-01-11,CLE,MEM,3.8,1,8,12,CLE,CLE,fg3_miss,1,False,False,MISS Dotson 26' 3PT Jump Shot,,11-5,11,5
0022000150,2021-01-11,CLE,MEM,3.82,1,8,11,CLE,CLE,reb,0,False,False,Drummond REBOUND (Off:1 Def:3),,11-5,11,5
0022000150,2021-01-11,CLE,MEM,3.87,1,8,8,CLE,CLE,fg3_miss,1,False,False,MISS Okoro 27' 3PT Jump Shot,,11-5,11,5
0022000150,2021-01-11,CLE,MEM,3.92,1,8,5,MEM,MEM,reb,0,False,False,,Brooks REBOUND (Off:0 Def:1),11-5,11,5
0022000150,2021-01-11,CLE,MEM,4.0,1,8,0,MEM,CLE,foul,2,False,False,Dotson S.FOUL (P1.T2) (C.Blair),,11-5,11,5
0022000150,2021-01-11,CLE,MEM,4.0,1,8,0,MEM,MEM,ft_make,11,False,False,,Brooks Free Throw 1 of 2 (3 PTS),11-6,11,6
0022000150,2021-01-11,CLE,MEM,4.0,1,8,0,MEM,MEM,ft_miss,12,False,False,,MISS Brooks Free Throw 2 of 2,11-6,11,6
0022000150,2021-01-11,CLE,MEM,4.0,1,8,0,CLE,CLE,reb,0,False,False,CAVALIERS Rebound,,11-6,11,6
0022000150,2021-01-11,CLE,MEM,4.15,1,7,51,CLE,CLE,fg3_make,79,False,False,Osman 25' 3PT Pullup Jump Shot (3 PTS) (Dotson 1 AST),,14-6,14,6
0022000150,2021-01-11,CLE,MEM,4.52,1,7,29,MEM,MEM,fg_make,101,False,False,,Anderson 10' Driving Floating Jump Shot (2 PTS) (Brooks 1 AST),14-8,14,8
0022000150,2021-01-11,CLE,MEM,4.73,1,7,16,CLE,CLE,fg3_make,1,False,False,Nance Jr. 3PT Jump Shot (8 PTS) (Osman 1 AST),,17-8,17,8
0022000150,2021-01-11,CLE,MEM,4.97,1,7,2,MEM,MEM,fg_miss,9,False,False,,MISS Valanciunas 1' Driving Dunk,17-8,17,8
0022000150,2021-01-11,CLE,MEM,5.0,1,7,0,CLE,CLE,reb,0,False,False,Nance Jr. REBOUND (Off:0 Def:1),,17-8,17,8
0022000150,2021-01-11,CLE,MEM,5.18,1,6,49,CLE,CLE,tov,45,False,False,Osman Out of Bounds - Bad Pass Turnover Turnover (P1.T1),,17-8,17,8
0022000150,2021-01-11,CLE,MEM,5.5,1,6,30,MEM,MEM,fg_miss,101,False,False,,MISS Jones 2' Driving Floating Jump Shot,17-8,17,8
0022000150,2021-01-11,CLE,MEM,5.55,1,6,27,MEM,MEM,reb,0,False,False,,Grizzlies Rebound,17-8,17,8
0022000150,2021-01-11,CLE,MEM,5.55,1,6,27,MEM,CLE,foul,2,False,False,Ferrell S.FOUL (P1.T3) (G.Petraitis),,17-8,17,8
0022000150,2021-01-11,CLE,MEM,5.55,1,6,27,MEM,MEM,ft_make,11,False,False,,Brooks Free Throw 1 of 2 (4 PTS),17-9,17,9
0022000150,2021-01-11,CLE,MEM,5.55,1,6,27,MEM,MEM,ft_make,12,False,False,,Brooks Free Throw 2 of 2 (5 PTS),17-10,17,10
0022000150,2021-01-11,CLE,MEM,5.73,1,6,16,CLE,CLE,fg_miss,6,True,False,MISS Drummond 1' Driving Layup,,17-10,17,10
0022000150,2021-01-11,CLE,MEM,5.73,1,6,16,CLE,MEM,block,6,True,False,block,block,17-10,17,10
0022000150,2021-01-11,CLE,MEM,5.75,1,6,15,MEM,MEM,reb,0,False,False,,Clarke REBOUND (Off:0 Def:1),17-10,17,10
0022000150,2021-01-11,CLE,MEM,5.92,1,6,5,MEM,MEM,tov,1,False,True,,Brooks Bad Pass Turnover (P2.T2),17-10,17,10
0022000150,2021-01-11,CLE,MEM,5.92,1,6,5,MEM,CLE,steal,1,False,True,steal,steal,17-10,17,10
0022000150,2021-01-11,CLE,MEM,6.17,1,5,50,CLE,CLE,tov,40,False,False,Okoro Out of Bounds Lost Ball Turnover (P1.T2),,17-10,17,10
0022000150,2021-01-11,CLE,MEM,6.48,1,5,31,MEM,MEM,fg3_miss,1,False,False,,MISS Brooks 27' 3PT Jump Shot,17-10,17,10
0022000150,2021-01-11,CLE,MEM,6.53,1,5,28,CLE,CLE,reb,0,False,False,Osman REBOUND (Off:0 Def:1),,17-10,17,10
0022000150,2021-01-11,CLE,MEM,6.78,1,5,13,CLE,CLE,fg_make,6,False,False,Okoro 1' Driving Layup (4 PTS),,19-10,19,10
0022000150,2021-01-11,CLE,MEM,7.03,1,4,58,MEM,MEM,fg_make,102,False,False,,Jones 5' Driving Floating Bank Jump Shot (2 PTS) (Brooks 2 AST),19-12,19,12
0022000150,2021-01-11,CLE,MEM,7.17,1,4,50,CLE,CLE,tov,1,False,True,Okoro Bad Pass Turnover (P2.T3),,19-12,19,12
0022000150,2021-01-11,CLE,MEM,7.17,1,4,50,CLE,MEM,steal,1,False,True,steal,steal,19-12,19,12
0022000150,2021-01-11,CLE,MEM,7.18,1,4,49,MEM,MEM,fg_miss,41,False,False,,MISS Jones 3' Running Layup,19-12,19,12
0022000150,2021-01-11,CLE,MEM,7.25,1,4,45,CLE,CLE,reb,0,False,False,Nance Jr. REBOUND (Off:0 Def:2),,19-12,19,12
0022000150,2021-01-11,CLE,MEM,7.43,1,4,34,CLE,CLE,fg3_miss,1,False,False,MISS Osman 30' 3PT Jump Shot,,19-12,19,12
0022000150,2021-01-11,CLE,MEM,7.48,1,4,31,MEM,MEM,reb,0,False,False,,Bane REBOUND (Off:0 Def:1),19-12,19,12
0022000150,2021-01-11,CLE,MEM,7.58,1,4,25,MEM,MEM,fg_make,79,False,False,,Clarke 11' Pullup Jump Shot (5 PTS) (Bane 1 AST),19-14,19,14
0022000150,2021-01-11,CLE,MEM,7.58,1,4,25,CLE,CLE,timeout,1,False,False,CAVALIERS Timeout: Regular (Full 1 Short 0),,19-14,19,14
0022000150,2021-01-11,CLE,MEM,7.97,1,4,2,CLE,CLE,fg_make,63,False,False,Stevens 10' Fadeaway Jumper (2 PTS),,21-14,21,14
0022000150,2021-01-11,CLE,MEM,8.2,1,3,48,MEM,MEM,fg_make,79,False,False,,Bane 19' Pullup Jump Shot (2 PTS) (Anderson 2 AST),21-16,21,16
0022000150,2021-01-11,CLE,MEM,8.68,1,3,19,CLE,CLE,fg3_miss,1,False,False,MISS Dotson 24' 3PT Jump Shot,,21-16,21,16
0022000150,2021-01-11,CLE,MEM,8.72,1,3,17,CLE,CLE,reb,0,False,False,Ferrell REBOUND (Off:1 Def:0),,21-16,21,16
0022000150,2021-01-11,CLE,MEM,8.77,1,3,14,CLE,CLE,fg_make,63,False,False,Ferrell 13' Fadeaway Jumper (2 PTS),,23-16,23,16
0022000150,2021-01-11,CLE,MEM,8.98,1,3,1,MEM,MEM,fg_make,7,False,False,,Tillman 1' Dunk (2 PTS) (Melton 1 AST),23-18,23,18
0022000150,2021-01-11,CLE,MEM,9.25,1,2,45,CLE,CLE,fg_miss,79,False,False,MISS Wade 17' Pullup Jump Shot,,23-18,23,18
0022000150,2021-01-11,CLE,MEM,9.3,1,2,42,MEM,MEM,reb,0,False,False,,Melton REBOUND (Off:0 Def:1),23-18,23,18
0022000150,2021-01-11,CLE,MEM,9.68,1,2,19,MEM,MEM,fg_miss,71,False,False,,MISS Anderson 3' Finger Roll Layup,23-18,23,18
0022000150,2021-01-11,CLE,MEM,9.72,1,2,17,MEM,MEM,reb,0,False,False,,Tillman REBOUND (Off:1 Def:0),23-18,23,18
0022000150,2021-01-11,CLE,MEM,9.85,1,2,9,MEM,MEM,fg_make,98,False,False,,Tillman Cutting Layup Shot (4 PTS) (Allen 1 AST),23-20,23,20
0022000150,2021-01-11,CLE,MEM,10.05,1,1,57,CLE,MEM,foul,1,False,False,,Melton P.FOUL (P1.T1) (C.Blair),23-20,23,20
0022000150,2021-01-11,CLE,MEM,10.2,1,1,48,CLE,CLE,tov,1,False,True,Dotson Bad Pass Turnover (P1.T4),,23-20,23,20
0022000150,2021-01-11,CLE,MEM,10.2,1,1,48,CLE,MEM,steal,1,False,True,steal,steal,23-20,23,20
0022000150,2021-01-11,CLE,MEM,10.25,1,1,45,MEM,MEM,fg_make,50,False,False,,Allen 1' Running Dunk (2 PTS) (Melton 2 AST),23-22,23,22
0022000150,2021-01-11,CLE,MEM,10.65,1,1,21,CLE,CLE,fg3_miss,1,False,False,MISS Wade 25' 3PT Jump Shot,,23-22,23,22
0022000150,2021-01-11,CLE,MEM,10.72,1,1,17,MEM,MEM,reb,0,False,False,,Allen REBOUND (Off:0 Def:1),23-22,23,22
0022000150,2021-01-11,CLE,MEM,10.83,1,1,10,MEM,CLE,foul,2,False,False,McGee S.FOUL (P1.T4) (G.Petraitis),,23-22,23,22
0022000150,2021-01-11,CLE,MEM,10.83,1,1,10,MEM,MEM,ft_miss,11,False,False,,MISS Anderson Free Throw 1 of 2,23-22,23,22
0022000150,2021-01-11,CLE,MEM,10.83,1,1,10,MEM,MEM,reb,1,False,False,,Grizzlies Rebound,23-22,23,22
0022000150,2021-01-11,CLE,MEM,10.83,1,1,10,MEM,MEM,ft_make,12,False,False,,Anderson Free Throw 2 of 2 (3 PTS),23-23,23,23
0022000150,2021-01-11,CLE,MEM,11.1,1,0,54,CLE,CLE,fg_make,1,False,False,Nance Jr. 20' Jump Shot (10 PTS),,25-23,25,23
0022000150,2021-01-11,CLE,MEM,11.3,1,0,42,MEM,CLE,foul,2,False,False,McGee S.FOUL (P2.PN) (C.Blair),,25-23,25,23
0022000150,2021-01-11,CLE,MEM,11.3,1,0,42,MEM,MEM,ft_make,11,False,False,,Anderson Free Throw 1 of 2 (4 PTS),25-24,25,24
0022000150,2021-01-11,CLE,MEM,11.3,1,0,42,MEM,MEM,ft_miss,12,False,False,,MISS Anderson Free Throw 2 of 2,25-24,25,24
0022000150,2021-01-11,CLE,MEM,11.33,1,0,40,CLE,CLE,reb,0,False,False,McGee REBOUND (Off:0 Def:1),,25-24,25,24
0022000150,2021-01-11,CLE,MEM,11.43,1,0,34,CLE,CLE,fg_make,6,False,False,McGee 1' Driving Layup (2 PTS),,27-24,27,24
0022000150,2021-01-11,CLE,MEM,11.58,1,0,25,MEM,MEM,fg_miss,6,True,False,,MISS Melton 2' Driving Layup,27-24,27,24
0022000150,2021-01-11,CLE,MEM,11.58,1,0,25,MEM,CLE,block,6,True,False,block,block,27-24,27,24
0022000150,2021-01-11,CLE,MEM,11.65,1,0,21,CLE,CLE,reb,0,False,False,Nance Jr. REBOUND (Off:0 Def:3),,27-24,27,24
0022000150,2021-01-11,CLE,MEM,11.67,1,0,20,CLE,CLE,fg_miss,41,True,False,MISS Okoro 1' Running Layup,,27-24,27,24
0022000150,2021-01-11,CLE,MEM,11.67,1,0,20,CLE,MEM,block,41,True,False,block,block,27-24,27,24
0022000150,2021-01-11,CLE,MEM,11.72,1,0,17,MEM,MEM,reb,0,False,False,,Valanciunas REBOUND (Off:0 Def:1),27-24,27,24
0022000150,2021-01-11,CLE,MEM,11.97,1,0,2,MEM,MEM,fg3_miss,1,False,False,,MISS Melton 26' 3PT Jump Shot,27-24,27,24
0022000150,2021-01-11,CLE,MEM,11.97,1,0,2,CLE,CLE,reb,0,False,False,Nance Jr. REBOUND (Off:0 Def:4),,27-24,27,24
0022000150,2021-01-11,CLE,MEM,12.0,1,0,0,CLE,,period_end,0,False,False,,,27-24,27,24
0022000150,2021-01-11,CLE,MEM,12.0,2,12,0,CLE,,period_start,0,False,False,,,27-24,27,24
0022000150,2021-01-11,CLE,MEM,12.23,2,11,46,MEM,MEM,fg_make,57,False,False,,Valanciunas 6' Driving Hook Shot (2 PTS) (Anderson 3 AST),27-26,27,26
0022000150,2021-01-11,CLE,MEM,12.37,2,11,38,CLE,MEM,foul,1,False,False,,Frazier P.FOUL (P1.T1) (C.Blair),27-26,27,26
0022000150,2021-01-11,CLE,MEM,12.48,2,11,31,CLE,CLE,fg_miss,78,False,False,MISS McGee 12' Floating Jump Shot,,27-26,27,26
0022000150,2021-01-11,CLE,MEM,12.52,2,11,29,MEM,MEM,reb,0,False,False,,Anderson REBOUND (Off:0 Def:2),27-26,27,26
0022000150,2021-01-11,CLE,MEM,12.55,2,11,27,MEM,MEM,fg3_make,1,False,False,,Allen 27' 3PT Jump Shot (5 PTS) (Anderson 4 AST),27-29,27,29
0022000150,2021-01-11,CLE,MEM,12.95,2,11,3,CLE,CLE,fg_miss,58,False,False,MISS McGee 3' Turnaround Hook Shot,,27-29,27,29
0022000150,2021-01-11,CLE,MEM,13.0,2,11,0,MEM,MEM,reb,0,False,False,,Anderson REBOUND (Off:0 Def:3),27-29,27,29
0022000150,2021-01-11,CLE,MEM,13.13,2,10,52,MEM,MEM,fg3_miss,1,False,False,,MISS Frazier 25' 3PT Jump Shot,27-29,27,29
0022000150,2021-01-11,CLE,MEM,13.17,2,10,50,CLE,CLE,reb,0,False,False,McGee REBOUND (Off:0 Def:2),,27-29,27,29
0022000150,2021-01-11,CLE,MEM,13.42,2,10,35,CLE,CLE,fg3_make,80,False,False,Dotson 25' 3PT Step Back Jump Shot (5 PTS),,30-29,30,29
0022000150,2021-01-11,CLE,MEM,13.63,2,10,22,MEM,MEM,fg_miss,108,True,False,,MISS Melton 2' Cutting Dunk Shot,30-29,30,29
0022000150,2021-01-11,CLE,MEM,13.63,2,10,22,MEM,CLE,block,108,True,False,block,block,30-29,30,29
0022000150,2021-01-11,CLE,MEM,13.7,2,10,18,CLE,CLE,reb,0,False,False,Wade REBOUND (Off:0 Def:1),,30-29,30,29
0022000150,2021-01-11,CLE,MEM,13.8,2,10,12,CLE,CLE,fg_miss,6,False,False,MISS Okoro 1' Driving Layup,,30-29,30,29
0022000150,2021-01-11,CLE,MEM,13.83,2,10,10,MEM,MEM,reb,0,False,False,,Anderson REBOUND (Off:0 Def:4),30-29,30,29
0022000150,2021-01-11,CLE,MEM,14.08,2,9,55,MEM,MEM,fg_make,58,False,False,,Valanciunas 1' Turnaround Hook Shot (4 PTS) (Anderson 5 AST),30-31,30,31
0022000150,2021-01-11,CLE,MEM,14.23,2,9,46,CLE,MEM,foul,2,False,False,,Valanciunas S.FOUL (P1.T2) (C.Blair),30-31,30,31
0022000150,2021-01-11,CLE,MEM,14.23,2,9,46,CLE,CLE,ft_make,11,False,False,McGee Free Throw 1 of 2 (3 PTS),,31-31,31,31
0022000150,2021-01-11,CLE,MEM,14.23,2,9,46,CLE,CLE,ft_make,12,False,False,McGee Free Throw 2 of 2 (4 PTS),,32-31,32,31
0022000150,2021-01-11,CLE,MEM,14.5,2,9,30,MEM,MEM,fg3_miss,1,False,False,,MISS Brooks 26' 3PT Jump Shot,32-31,32,31
0022000150,2021-01-11,CLE,MEM,14.57,2,9,26,CLE,CLE,reb,0,False,False,McGee REBOUND (Off:0 Def:3),,32-31,32,31
0022000150,2021-01-11,CLE,MEM,14.82,2,9,11,CLE,CLE,tov,2,False,True,Okoro Lost Ball Turnover (P3.T5),,32-31,32,31
0022000150,2021-01-11,CLE,MEM,14.82,2,9,11,CLE,MEM,steal,2,False,True,steal,steal,32-31,32,31
0022000150,2021-01-11,CLE,MEM,14.87,2,9,8,MEM,CLE,foul,28,False,False,Wade Personal Take Foul (P1.T1) (G.Petraitis),,32-31,32,31
0022000150,2021-01-11,CLE,MEM,15.0,2,9,0,MEM,MEM,fg_miss,79,False,False,,MISS Frazier 13' Pullup Jump Shot,32-31,32,31
0022000150,2021-01-11,CLE,MEM,15.03,2,8,58,CLE,CLE,reb,0,False,False,Dotson REBOUND (Off:0 Def:1),,32-31,32,31
0022000150,2021-01-11,CLE,MEM,15.2,2,8,48,CLE,CLE,fg_make,98,False,False,Drummond 2' Cutting Layup Shot (4 PTS) (Dotson 2 AST),,34-31,34,31
0022000150,2021-01-11,CLE,MEM,15.5,2,8,30,MEM,MEM,fg_make,101,False,False,,Valanciunas 9' Driving Floating Jump Shot (6 PTS) (Frazier 1 AST),34-33,34,33
0022000150,2021-01-11,CLE,MEM,15.92,2,8,5,CLE,CLE,fg3_make,1,False,False,Okoro 3PT Jump Shot (7 PTS) (Osman 2 AST),,37-33,37,33
0022000150,2021-01-11,CLE,MEM,16.15,2,7,51,MEM,MEM,fg3_miss,1,False,False,,MISS Allen 3PT Jump Shot,37-33,37,33
0022000150,2021-01-11,CLE,MEM,16.18,2,7,49,CLE,CLE,reb,0,False,False,Osman REBOUND (Off:0 Def:2),,37-33,37,33
0022000150,2021-01-11,CLE,MEM,16.33,2,7,40,CLE,CLE,fg_miss,6,False,False,MISS Osman 1' Driving Layup,,37-33,37,33
0022000150,2021-01-11,CLE,MEM,16.38,2,7,37,MEM,MEM,reb,0,False,False,,Valanciunas REBOUND (Off:0 Def:2),37-33,37,33
0022000150,2021-01-11,CLE,MEM,16.43,2,7,34,MEM,MEM,fg3_miss,1,False,False,,MISS Allen 29' 3PT Jump Shot,37-33,37,33
0022000150,2021-01-11,CLE,MEM,16.53,2,7,28,CLE,CLE,reb,0,False,False,Dotson REBOUND (Off:0 Def:2),,37-33,37,33
0022000150,2021-01-11,CLE,MEM,16.83,2,7,10,CLE,CLE,fg_miss,98,False,False,MISS Okoro 2' Cutting Layup Shot,,37-33,37,33
0022000150,2021-01-11,CLE,MEM,16.85,2,7,9,MEM,MEM,reb,0,False,False,,Allen REBOUND (Off:0 Def:2),37-33,37,33
0022000150,2021-01-11,CLE,MEM,16.85,2,7,9,MEM,CLE,foul,28,False,False,Dotson Personal Take Foul (P2.T2) (C.Blair),,37-33,37,33
0022000150,2021-01-11,CLE,MEM,17.08,2,6,55,MEM,MEM,fg_miss,101,False,False,,MISS Clarke 5' Driving Floating Jump Shot,37-33,37,33
0022000150,2021-01-11,CLE,MEM,17.08,2,6,55,CLE,CLE,reb,0,False,False,Ferrell REBOUND (Off:1 Def:1),,37-33,37,33
0022000150,2021-01-11,CLE,MEM,17.12,2,6,53,CLE,CLE,tov,39,False,False,Ferrell Step Out of Bounds Turnover (P1.T6),,37-33,37,33
0022000150,2021-01-11,CLE,MEM,17.12,2,6,53,CLE,CLE,timeout,1,False,False,CAVALIERS Timeout: Regular (Full 2 Short 0),,37-33,37,33
0022000150,2021-01-11,CLE,MEM,17.23,2,6,46,MEM,MEM,tov,1,False,True,,Bane Bad Pass Turnover (P1.T3),37-33,37,33
0022000150,2021-01-11,CLE,MEM,17.23,2,6,46,MEM,CLE,steal,1,False,True,steal,steal,37-33,37,33
0022000150,2021-01-11,CLE,MEM,17.55,2,6,27,CLE,CLE,tov,1,False,True,Okoro Bad Pass Turnover (P4.T7),,37-33,37,33
0022000150,2021-01-11,CLE,MEM,17.55,2,6,27,CLE,MEM,steal,1,False,True,steal,steal,37-33,37,33
0022000150,2021-01-11,CLE,MEM,17.75,2,6,15,CLE,MEM,foul,4,False,False,,Jones OFF.Foul (P1) (G.Petraitis),37-33,37,33
0022000150,2021-01-11,CLE,MEM,17.75,2,6,15,MEM,MEM,tov,37,False,False,,Jones Offensive Foul Turnover (P1.T4),37-33,37,33
0022000150,2021-01-11,CLE,MEM,18.02,2,5,59,CLE,CLE,fg3_make,1,False,False,Ferrell 24' 3PT Jump Shot (5 PTS) (Nance Jr. 2 AST),,40-33,40,33
0022000150,2021-01-11,CLE,MEM,18.25,2,5,45,MEM,MEM,fg_make,75,False,False,,Bane 1' Driving Finger Roll Layup (4 PTS) (Jones 2 AST),40-35,40,35
0022000150,2021-01-11,CLE,MEM,18.48,2,5,31,CLE,CLE,tov,1,False,True,Ferrell Bad Pass Turnover (P2.T8),,40-35,40,35
0022000150,2021-01-11,CLE,MEM,18.48,2,5,31,CLE,MEM,steal,1,False,True,steal,steal,40-35,40,35
0022000150,2021-01-11,CLE,MEM,18.6,2,5,24,MEM,MEM,fg_miss,50,False,False,,MISS Clarke 2' Running Dunk,40-35,40,35
0022000150,2021-01-11,CLE,MEM,18.65,2,5,21,CLE,CLE,reb,0,False,False,Wade REBOUND (Off:0 Def:2),,40-35,40,35
0022000150,2021-01-11,CLE,MEM,18.72,2,5,17,MEM,CLE,foul,4,False,False,Ferrell OFF.Foul (P2) (G.Petraitis),,40-35,40,35
0022000150,2021-01-11,CLE,MEM,18.72,2,5,17,CLE,CLE,tov,37,False,False,Ferrell Offensive Foul Turnover (P3.T9),,40-35,40,35
0022000150,2021-01-11,CLE,MEM,18.82,2,5,11,MEM,CLE,foul,1,False,False,Okoro P.FOUL (P1.T3) (C.Blair),,40-35,40,35
0022000150,2021-01-11,CLE,MEM,18.98,2,5,1,MEM,MEM,fg_make,78,False,False,,Tillman 8' Floating Jump Shot (6 PTS) (Brooks 3 AST),40-37,40,37
0022000150,2021-01-11,CLE,MEM,19.25,2,4,45,CLE,CLE,fg_make,79,False,False,Ferrell 14' Pullup Jump Shot (7 PTS),,42-37,42,37
0022000150,2021-01-11,CLE,MEM,19.45,2,4,33,MEM,MEM,fg_make,79,False,False,,Brooks 15' Pullup Jump Shot (7 PTS),42-39,42,39
0022000150,2021-01-11,CLE,MEM,19.58,2,4,25,CLE,MEM,foul,1,False,False,,Tillman P.FOUL (P1.T3) (G.Petraitis),42-39,42,39
0022000150,2021-01-11,CLE,MEM,19.78,2,4,13,CLE,CLE,fg_miss,57,False,False,MISS Drummond 5' Driving Hook Shot,,42-39,42,39
0022000150,2021-01-11,CLE,MEM,19.82,2,4,11,MEM,MEM,reb,0,False,False,,Brooks REBOUND (Off:0 Def:2),42-39,42,39
0022000150,2021-01-11,CLE,MEM,19.93,2,4,4,MEM,MEM,fg_miss,101,False,False,,MISS Brooks 7' Driving Floating Jump Shot,42-39,42,39
0022000150,2021-01-11,CLE,MEM,19.97,2,4,2,CLE,CLE,reb,0,False,False,Nance Jr. REBOUND (Off:0 Def:5),,42-39,42,39
0022000150,2021-01-11,CLE,MEM,20.22,2,3,47,CLE,MEM,foul,1,False,False,,Melton P.FOUL (P2.T4) (C.Blair),42-39,42,39
0022000150,2021-01-11,CLE,MEM,20.35,2,3,39,CLE,CLE,fg_make,58,False,False,Drummond 6' Turnaround Hook Shot (6 PTS),,44-39,44,39
0022000150,2021-01-11,CLE,MEM,20.5,2,3,30,MEM,CLE,foul,1,False,False,Dotson P.FOUL (P3.T4) (G.Petraitis),,44-39,44,39
0022000150,2021-01-11,CLE,MEM,20.67,2,3,20,MEM,MEM,tov,1,False,True,,Jones Bad Pass Turnover (P2.T5),44-39,44,39
0022000150,2021-01-11,CLE,MEM,20.67,2,3,20,MEM,CLE,steal,1,False,True,steal,steal,44-39,44,39
0022000150,2021-01-11,CLE,MEM,21.07,2,2,56,CLE,CLE,tov,1,False,True,Wade Bad Pass Turnover (P1.T10),,44-39,44,39
0022000150,2021-01-11,CLE,MEM,21.07,2,2,56,CLE,MEM,steal,1,False,True,steal,steal,44-39,44,39
0022000150,2021-01-11,CLE,MEM,21.08,2,2,55,MEM,CLE,foul,28,False,False,Nance Jr. Personal Take Foul (P1.PN) (C.Blair),,44-39,44,39
0022000150,2021-01-11,CLE,MEM,21.08,2,2,55,MEM,MEM,timeout,1,False,False,,Grizzlies Timeout: Regular (Reg.2 Short 0),44-39,44,39
0022000150,2021-01-11,CLE,MEM,21.08,2,2,55,MEM,MEM,ft_make,11,False,False,,Brooks Free Throw 1 of 2 (8 PTS),44-40,44,40
0022000150,2021-01-11,CLE,MEM,21.08,2,2,55,MEM,MEM,ft_make,12,False,False,,Brooks Free Throw 2 of 2 (9 PTS),44-41,44,41
0022000150,2021-01-11,CLE,MEM,21.47,2,2,32,CLE,CLE,tov,1,False,True,Nance Jr. Bad Pass Turnover (P1.T11),,44-41,44,41
0022000150,2021-01-11,CLE,MEM,21.47,2,2,32,CLE,MEM,steal,1,False,True,steal,steal,44-41,44,41
0022000150,2021-01-11,CLE,MEM,21.6,2,2,24,MEM,MEM,fg_miss,1,False,False,,MISS Anderson 23' Jump Shot,44-41,44,41
0022000150,2021-01-11,CLE,MEM,21.63,2,2,22,MEM,MEM,reb,0,False,False,,Jones REBOUND (Off:1 Def:0),44-41,44,41
0022000150,2021-01-11,CLE,MEM,21.7,2,2,18,MEM,MEM,fg_make,66,False,False,,Jones 6' Jump Bank Shot (4 PTS),44-43,44,43
0022000150,2021-01-11,CLE,MEM,22.1,2,1,54,CLE,CLE,fg_miss,101,False,False,MISS Osman 7' Driving Floating Jump Shot,,44-43,44,43
0022000150,2021-01-11,CLE,MEM,22.15,2,1,51,CLE,CLE,reb,0,False,False,Wade REBOUND (Off:1 Def:2),,44-43,44,43
0022000150,2021-01-11,CLE,MEM,22.15,2,1,51,CLE,CLE,fg_miss,97,False,False,MISS Wade Tip Layup Shot,,44-43,44,43
0022000150,2021-01-11,CLE,MEM,22.17,2,1,50,CLE,CLE,reb,0,False,False,Wade REBOUND (Off:2 Def:2),,44-43,44,43
0022000150,2021-01-11,CLE,MEM,22.23,2,1,46,CLE,CLE,fg_make,71,False,False,Drummond 1' Finger Roll Layup (8 PTS),,46-43,46,43
0022000150,2021-01-11,CLE,MEM,22.47,2,1,32,MEM,MEM,fg_make,63,False,False,,Melton 6' Fadeaway Jumper (2 PTS),46-45,46,45
0022000150,2021-01-11,CLE,MEM,22.78,2,1,13,CLE,CLE,fg_miss,75,False,False,MISS Okoro 1' Driving Finger Roll Layup,,46-45,46,45
0022000150,2021-01-11,CLE,MEM,22.83,2,1,10,MEM,MEM,reb,0,False,False,,Anderson REBOUND (Off:0 Def:5),46-45,46,45
0022000150,2021-01-11,CLE,MEM,22.9,2,1,6,MEM,MEM,fg_make,6,False,False,,Jones Driving Layup (6 PTS) (Anderson 6 AST),46-47,46,47
0022000150,2021-01-11,CLE,MEM,23.2,2,0,48,CLE,MEM,foul,2,False,False,,Valanciunas S.FOUL (P2.PN) (C.Blair),46-47,46,47
0022000150,2021-01-11,CLE,MEM,23.2,2,0,48,CLE,CLE,ft_miss,11,False,False,MISS Drummond Free Throw 1 of 2,,46-47,46,47
0022000150,2021-01-11,CLE,MEM,23.2,2,0,48,CLE,CLE,reb,1,False,False,CAVALIERS Rebound,,46-47,46,47
0022000150,2021-01-11,CLE,MEM,23.2,2,0,48,CLE,CLE,ft_miss,12,False,False,MISS Drummond Free Throw 2 of 2,,46-47,46,47
0022000150,2021-01-11,CLE,MEM,23.23,2,0,46,CLE,CLE,reb,0,False,False,Okoro REBOUND (Off:1 Def:0),,46-47,46,47
0022000150,2021-01-11,CLE,MEM,23.32,2,0,41,CLE,CLE,fg3_miss,1,False,False,MISS Ferrell 26' 3PT Jump Shot,,46-47,46,47
0022000150,2021-01-11,CLE,MEM,23.32,2,0,41,MEM,MEM,reb,0,False,False,,Grizzlies Rebound,46-47,46,47
0022000150,2021-01-11,CLE,MEM,23.32,2,0,41,CLE,MEM,foul,11,False,False,,Valanciunas T.FOUL (P2.PN) (G.Petraitis),46-47,46,47
0022000150,2021-01-11,CLE,MEM,23.32,2,0,41,CLE,CLE,ft_miss,16,False,False,MISS Ferrell Free Throw Technical,,46-47,46,47
0022000150,2021-01-11,CLE,MEM,23.32,2,0,41,MEM,MEM,reb,1,False,False,,Grizzlies Rebound,46-47,46,47
0022000150,2021-01-11,CLE,MEM,23.68,2,0,19,MEM,MEM,fg_miss,101,False,False,,MISS Melton 7' Driving Floating Jump Shot,46-47,46,47
0022000150,2021-01-11,CLE,MEM,23.73,2,0,16,CLE,CLE,reb,0,False,False,Drummond REBOUND (Off:1 Def:4),,46-47,46,47
0022000150,2021-01-11,CLE,MEM,23.97,2,0,2,CLE,CLE,fg_miss,79,False,False,MISS Ferrell 16' Pullup Jump Shot,,46-47,46,47
0022000150,2021-01-11,CLE,MEM,24.0,2,0,0,MEM,MEM,reb,0,False,False,,Melton REBOUND (Off:0 Def:2),46-47,46,47
0022000150,2021-01-11,CLE,MEM,24.0,2,0,0,MEM,,period_end,0,False,False,,,46-47,46,47
0022000150,2021-01-11,CLE,MEM,24.0,3,12,0,MEM,,period_start,0,False,False,,,46-47,46,47
0022000150,2021-01-11,CLE,MEM,24.22,3,11,47,MEM,CLE,foul,1,False,False,Osman P.FOUL (P1.T1) (G.Petraitis),,46-47,46,47
0022000150,2021-01-11,CLE,MEM,24.33,3,11,40,MEM,MEM,fg3_miss,1,False,False,,MISS Clarke 3PT Jump Shot,46-47,46,47
0022000150,2021-01-11,CLE,MEM,24.4,3,11,36,MEM,MEM,reb,0,False,False,,Brooks REBOUND (Off:1 Def:2),46-47,46,47
0022000150,2021-01-11,CLE,MEM,24.55,3,11,27,MEM,MEM,tov,2,False,True,,Valanciunas Lost Ball Turnover (P1.T6),46-47,46,47
0022000150,2021-01-11,CLE,MEM,24.55,3,11,27,MEM,CLE,steal,2,False,True,steal,steal,46-47,46,47
0022000150,2021-01-11,CLE,MEM,24.68,3,11,19,CLE,CLE,fg_make,5,False,False,Drummond 2' Layup (10 PTS) (Nance Jr. 3 AST),,48-47,48,47
0022000150,2021-01-11,CLE,MEM,24.83,3,11,10,MEM,MEM,fg_make,98,False,False,,Clarke 1' Cutting Layup Shot (7 PTS) (Anderson 7 AST),48-49,48,49
0022000150,2021-01-11,CLE,MEM,25.15,3,10,51,CLE,CLE,fg_make,1,False,False,Dotson 21' Jump Shot (7 PTS) (Drummond 3 AST),,50-49,50,49
0022000150,2021-01-11,CLE,MEM,25.38,3,10,37,MEM,MEM,fg_make,6,False,False,,Brooks Driving Layup (11 PTS) (Valanciunas 1 AST),50-51,50,51
0022000150,2021-01-11,CLE,MEM,25.58,3,10,25,CLE,CLE,fg_miss,66,False,False,MISS Dotson 13' Jump Bank Shot,,50-51,50,51
0022000150,2021-01-11,CLE,MEM,25.62,3,10,23,MEM,MEM,reb,0,False,False,,Valanciunas REBOUND (Off:0 Def:3),50-51,50,51
0022000150,2021-01-11,CLE,MEM,25.68,3,10,19,MEM,MEM,fg3_make,79,False,False,,Jones 26' 3PT Pullup Jump Shot (9 PTS),50-54,50,54
0022000150,2021-01-11,CLE,MEM,26.05,3,9,57,CLE,CLE,fg3_miss,1,False,False,MISS Osman 27' 3PT Jump Shot,,50-54,50,54
0022000150,2021-01-11,CLE,MEM,26.12,3,9,53,MEM,MEM,reb,0,False,False,,Jones REBOUND (Off:1 Def:1),50-54,50,54
0022000150,2021-01-11,CLE,MEM,26.35,3,9,39,MEM,MEM,fg_make,7,False,False,,Valanciunas 1' Dunk (8 PTS) (Jones 3 AST),50-56,50,56
0022000150,2021-01-11,CLE,MEM,26.37,3,9,38,CLE,CLE,timeout,1,False,False,CAVALIERS Timeout: Regular (Full 3 Short 0),,50-56,50,56
0022000150,2021-01-11,CLE,MEM,26.62,3,9,23,CLE,MEM,foul,1,False,False,,Clarke P.FOUL (P1.T1) (C.Blair),50-56,50,56
0022000150,2021-01-11,CLE,MEM,26.88,3,9,7,CLE,CLE,fg_miss,101,True,False,MISS Okoro 10' Driving Floating Jump Shot,,50-56,50,56
0022000150,2021-01-11,CLE,MEM,26.88,3,9,7,CLE,MEM,block,101,True,False,block,block,50-56,50,56
0022000150,2021-01-11,CLE,MEM,26.88,3,9,7,CLE,CLE,reb,0,False,False,CAVALIERS Rebound,,50-56,50,56
0022000150,2021-01-11,CLE,MEM,26.88,3,9,7,CLE,CLE,tov,11,False,False,CAVALIERS Turnover: Shot Clock (T#12),,50-56,50,56
0022000150,2021-01-11,CLE,MEM,26.88,3,9,7,CLE,MEM,violation,1,False,False,,Grizzlies Violation: Delay of game Violation,50-56,50,56
0022000150,2021-01-11,CLE,MEM,27.15,3,8,51,MEM,MEM,tov,2,False,True,,Clarke Lost Ball Turnover (P1.T7),50-56,50,56
0022000150,2021-01-11,CLE,MEM,27.15,3,8,51,MEM,CLE,steal,2,False,True,steal,steal,50-56,50,56
0022000150,2021-01-11,CLE,MEM,27.23,3,8,46,CLE,CLE,fg_make,50,False,False,Okoro 1' Running Dunk (9 PTS),,52-56,52,56
0022000150,2021-01-11,CLE,MEM,27.4,3,8,36,MEM,MEM,fg3_miss,1,False,False,,MISS Valanciunas 25' 3PT Jump Shot,52-56,52,56
0022000150,2021-01-11,CLE,MEM,27.47,3,8,32,CLE,CLE,reb,0,False,False,Osman REBOUND (Off:0 Def:3),,52-56,52,56
0022000150,2021-01-11,CLE,MEM,27.55,3,8,27,CLE,CLE,fg_miss,44,True,False,MISS Drummond Reverse Layup,,52-56,52,56
0022000150,2021-01-11,CLE,MEM,27.55,3,8,27,CLE,MEM,block,44,True,False,block,block,52-56,52,56
0022000150,2021-01-11,CLE,MEM,27.62,3,8,23,CLE,CLE,reb,0,False,False,Drummond REBOUND (Off:2 Def:4),,52-56,52,56
0022000150,2021-01-11,CLE,MEM,27.65,3,8,21,CLE,CLE,tov,1,False,True,Drummond Bad Pass Turnover (P1.T13),,52-56,52,56
0022000150,2021-01-11,CLE,MEM,27.65,3,8,21,CLE,MEM,steal,1,False,True,steal,steal,52-56,52,56
0022000150,2021-01-11,CLE,MEM,27.73,3,8,16,MEM,MEM,fg_make,50,False,False,,Clarke 2' Running Dunk (9 PTS) (Jones 4 AST),52-58,52,58
0022000150,2021-01-11,CLE,MEM,28.03,3,7,58,CLE,CLE,fg3_miss,1,False,False,MISS Dotson 3PT Jump Shot,,52-58,52,58
0022000150,2021-01-11,CLE,MEM,28.1,3,7,54,MEM,MEM,reb,0,False,False,,Jones REBOUND (Off:1 Def:2),52-58,52,58
0022000150,2021-01-11,CLE,MEM,28.3,3,7,42,CLE,MEM,foul,26,False,False,,Valanciunas Offensive Charge Foul (P3.T2) (C.Blair),52-58,52,58
0022000150,2021-01-11,CLE,MEM,28.3,3,7,42,MEM,MEM,tov,37,False,False,,Valanciunas Offensive Foul Turnover (P2.T8),52-58,52,58
0022000150,2021-01-11,CLE,MEM,28.48,3,7,31,CLE,CLE,fg_miss,1,False,False,MISS Nance Jr. 17' Jump Shot,,52-58,52,58
0022000150,2021-01-11,CLE,MEM,28.5,3,7,30,MEM,MEM,reb,0,False,False,,Grizzlies Rebound,52-58,52,58
0022000150,2021-01-11,CLE,MEM,28.83,3,7,10,MEM,MEM,fg3_make,1,False,False,,Brooks 24' 3PT Jump Shot (14 PTS) (Valanciunas 2 AST),52-61,52,61
0022000150,2021-01-11,CLE,MEM,29.13,3,6,52,CLE,CLE,fg_miss,58,False,False,MISS Nance Jr. 5' Turnaround Hook Shot,,52-61,52,61
0022000150,2021-01-11,CLE,MEM,29.17,3,6,50,MEM,MEM,reb,0,False,False,,Brooks REBOUND (Off:1 Def:3),52-61,52,61
0022000150,2021-01-11,CLE,MEM,29.23,3,6,46,MEM,MEM,fg3_miss,1,False,False,,MISS Bane 3PT Jump Shot,52-61,52,61
0022000150,2021-01-11,CLE,MEM,29.28,3,6,43,CLE,CLE,reb,0,False,False,Drummond REBOUND (Off:2 Def:5),,52-61,52,61
0022000150,2021-01-11,CLE,MEM,29.35,3,6,39,CLE,MEM,foul,1,False,False,,Clarke P.FOUL (P2.T3) (G.Petraitis),52-61,52,61
0022000150,2021-01-11,CLE,MEM,29.35,3,6,39,CLE,CLE,ft_miss,11,False,False,MISS Drummond Free Throw 1 of 2,,52-61,52,61
0022000150,2021-01-11,CLE,MEM,29.35,3,6,39,CLE,CLE,reb,1,False,False,CAVALIERS Rebound,,52-61,52,61
0022000150,2021-01-11,CLE,MEM,29.35,3,6,39,CLE,CLE,ft_make,12,False,False,Drummond Free Throw 2 of 2 (11 PTS),,53-61,53,61
0022000150,2021-01-11,CLE,MEM,29.53,3,6,28,MEM,CLE,foul,1,False,False,Okoro P.FOUL (P2.T2) (C.Blair),,53-61,53,61
0022000150,2021-01-11,CLE,MEM,29.65,3,6,21,MEM,MEM,fg_make,108,False,False,,Tillman 1' Cutting Dunk Shot (8 PTS) (Jones 5 AST),53-63,53,63
0022000150,2021-01-11,CLE,MEM,29.88,3,6,7,CLE,CLE,fg_miss,6,True,False,MISS Drummond 3' Driving Layup,,53-63,53,63
0022000150,2021-01-11,CLE,MEM,29.88,3,6,7,CLE,MEM,block,6,True,False,block,block,53-63,53,63
0022000150,2021-01-11,CLE,MEM,29.95,3,6,3,MEM,MEM,reb,0,False,False,,Bane REBOUND (Off:0 Def:2),53-63,53,63
0022000150,2021-01-11,CLE,MEM,29.98,3,6,1,MEM,MEM,tov,2,False,True,,Clarke Lost Ball Turnover (P2.T9),53-63,53,63
0022000150,2021-01-11,CLE,MEM,29.98,3,6,1,MEM,CLE,steal,2,False,True,steal,steal,53-63,53,63
0022000150,2021-01-11,CLE,MEM,30.05,3,5,57,CLE,CLE,fg_miss,41,False,False,MISS Dotson 1' Running Layup,,53-63,53,63
0022000150,2021-01-11,CLE,MEM,30.05,3,5,57,CLE,CLE,reb,0,False,False,Drummond REBOUND (Off:3 Def:5),,53-63,53,63
0022000150,2021-01-11,CLE,MEM,30.05,3,5,57,CLE,MEM,foul,1,False,False,,Bane P.FOUL (P1.T4) (C.Blair),53-63,53,63
0022000150,2021-01-11,CLE,MEM,30.07,3,5,56,CLE,CLE,tov,1,False,True,Nance Jr. Bad Pass Turnover (P2.T14),,53-63,53,63
0022000150,2021-01-11,CLE,MEM,30.07,3,5,56,CLE,MEM,steal,1,False,True,steal,steal,53-63,53,63
0022000150,2021-01-11,CLE,MEM,30.12,3,5,53,MEM,MEM,fg_make,52,False,False,,Clarke 3' Alley Oop Dunk (11 PTS) (Jones 6 AST),53-65,53,65
0022000150,2021-01-11,CLE,MEM,30.32,3,5,41,CLE,CLE,timeout,1,False,False,CAVALIERS Timeout: Regular (Full 4 Short 0),,53-65,53,65
0022000150,2021-01-11,CLE,MEM,30.42,3,5,35,CLE,CLE,fg_make,6,False,False,Drummond 1' Driving Layup (13 PTS),,55-65,55,65
0022000150,2021-01-11,CLE,MEM,30.65,3,5,21,MEM,MEM,fg_make,101,False,False,,Jones 6' Driving Floating Jump Shot (11 PTS) (Clarke 1 AST),55-67,55,67
0022000150,2021-01-11,CLE,MEM,30.88,3,5,7,CLE,CLE,fg_make,58,False,False,McGee 8' Turnaround Hook Shot (6 PTS) (Dotson 3 AST),,57-67,57,67
0022000150,2021-01-11,CLE,MEM,31.1,3,4,54,MEM,MEM,fg_make,102,False,False,,Brooks 6' Driving Floating Bank Jump Shot (16 PTS) (Tillman 1 AST),57-69,57,69
0022000150,2021-01-11,CLE,MEM,31.48,3,4,31,CLE,CLE,fg_miss,1,False,False,MISS Drummond 10' Jump Shot,,57-69,57,69
0022000150,2021-01-11,CLE,MEM,31.52,3,4,29,MEM,MEM,reb,0,False,False,,Jones REBOUND (Off:1 Def:3),57-69,57,69
0022000150,2021-01-11,CLE,MEM,31.75,3,4,15,MEM,MEM,fg_make,6,False,False,,Clarke Driving Layup (13 PTS) (Bane 2 AST),57-71,57,71
0022000150,2021-01-11,CLE,MEM,31.97,3,4,2,CLE,CLE,tov,45,False,False,Drummond Out of Bounds - Bad Pass Turnover Turnover (P2.T15),,57-71,57,71
0022000150,2021-01-11,CLE,MEM,32.17,3,3,50,MEM,CLE,violation,5,False,False,McGee Violation:Kicked Ball (C.Blair),,57-71,57,71
0022000150,2021-01-11,CLE,MEM,32.27,3,3,44,MEM,MEM,fg_make,101,False,False,,Bane 11' Driving Floating Jump Shot (6 PTS) (Tillman 2 AST),57-73,57,73
0022000150,2021-01-11,CLE,MEM,32.55,3,3,27,CLE,CLE,fg3_make,80,False,False,Okoro 26' 3PT Step Back Jump Shot (12 PTS) (McGee 1 AST),,60-73,60,73
0022000150,2021-01-11,CLE,MEM,32.95,3,3,3,MEM,MEM,fg3_miss,1,False,False,,MISS Allen 3PT Jump Shot,60-73,60,73
0022000150,2021-01-11,CLE,MEM,32.98,3,3,1,CLE,CLE,reb,0,False,False,McGee REBOUND (Off:0 Def:4),,60-73,60,73
0022000150,2021-01-11,CLE,MEM,33.08,3,2,55,CLE,MEM,foul,1,False,False,,Bane P.FOUL (P2.PN) (G.Petraitis),60-73,60,73
0022000150,2021-01-11,CLE,MEM,33.25,3,2,45,CLE,CLE,fg_make,102,False,False,Ferrell 6' Driving Floating Bank Jump Shot (9 PTS) (Osman 3 AST),,62-73,62,73
0022000150,2021-01-11,CLE,MEM,33.25,3,2,45,CLE,MEM,foul,2,False,False,,Melton S.FOUL (P3.PN) (C.Blair),62-73,62,73
0022000150,2021-01-11,CLE,MEM,33.25,3,2,45,MEM,MEM,timeout,1,False,False,,Grizzlies Timeout: Regular (Reg.3 Short 0),62-73,62,73
0022000150,2021-01-11,CLE,MEM,33.25,3,2,45,CLE,CLE,ft_miss,10,False,False,MISS Ferrell Free Throw 1 of 1,,62-73,62,73
0022000150,2021-01-11,CLE,MEM,33.27,3,2,44,MEM,MEM,reb,0,False,False,,Anderson REBOUND (Off:0 Def:6),62-73,62,73
0022000150,2021-01-11,CLE,MEM,33.57,3,2,26,MEM,MEM,fg_miss,108,True,False,,MISS Tillman 2' Cutting Dunk Shot,62-73,62,73
0022000150,2021-01-11,CLE,MEM,33.57,3,2,26,MEM,CLE,block,108,True,False,block,block,62-73,62,73
0022000150,2021-01-11,CLE,MEM,33.62,3,2,23,CLE,CLE,reb,0,False,False,McGee REBOUND (Off:0 Def:5),,62-73,62,73
0022000150,2021-01-11,CLE,MEM,33.73,3,2,16,CLE,CLE,fg_miss,101,False,False,MISS Osman 6' Driving Floating Jump Shot,,62-73,62,73
0022000150,2021-01-11,CLE,MEM,33.77,3,2,14,MEM,MEM,reb,0,False,False,,Bane REBOUND (Off:0 Def:3),62-73,62,73
0022000150,2021-01-11,CLE,MEM,33.87,3,2,8,MEM,MEM,fg_make,6,False,False,,Melton 1' Driving Layup (4 PTS) (Anderson 8 AST),62-75,62,75
0022000150,2021-01-11,CLE,MEM,34.32,3,1,41,CLE,CLE,tov,11,False,False,CAVALIERS Turnover: Shot Clock (T#16),,62-75,62,75
0022000150,2021-01-11,CLE,MEM,34.62,3,1,23,MEM,MEM,tov,2,False,True,,Valanciunas Lost Ball Turnover (P3.T10),62-75,62,75
0022000150,2021-01-11,CLE,MEM,34.62,3,1,23,MEM,CLE,steal,2,False,True,steal,steal,62-75,62,75
0022000150,2021-01-11,CLE,MEM,34.7,3,1,18,CLE,CLE,fg3_make,2,False,False,Dotson 3PT Running Jump Shot (10 PTS) (Ferrell 1 AST),,65-75,65,75
0022000150,2021-01-11,CLE,MEM,34.87,3,1,8,MEM,MEM,tov,1,False,True,,Melton Bad Pass Turnover (P1.T11),65-75,65,75
0022000150,2021-01-11,CLE,MEM,34.87,3,1,8,MEM,CLE,steal,1,False,True,steal,steal,65-75,65,75
0022000150,2021-01-11,CLE,MEM,34.95,3,1,3,CLE,CLE,fg_make,41,False,False,Osman 2' Running Layup (5 PTS),,67-75,67,75
0022000150,2021-01-11,CLE,MEM,34.95,3,1,3,CLE,MEM,foul,2,False,False,,Melton S.FOUL (P4.PN) (G.Petraitis),67-75,67,75
0022000150,2021-01-11,CLE,MEM,34.95,3,1,3,CLE,CLE,ft_make,10,False,False,Osman Free Throw 1 of 1 (6 PTS),,68-75,68,75
0022000150,2021-01-11,CLE,MEM,35.2,3,0,48,MEM,MEM,fg_make,101,False,False,,Allen 9' Driving Floating Jump Shot (7 PTS) (Valanciunas 3 AST),68-77,68,77
0022000150,2021-01-11,CLE,MEM,35.38,3,0,37,CLE,CLE,fg3_make,1,False,False,Osman 27' 3PT Jump Shot (9 PTS),,71-77,71,77
0022000150,2021-01-11,CLE,MEM,35.87,3,0,8,MEM,MEM,fg_miss,101,False,False,,MISS Anderson 1' Driving Floating Jump Shot,71-77,71,77
0022000150,2021-01-11,CLE,MEM,35.88,3,0,7,CLE,CLE,reb,0,False,False,CAVALIERS Rebound,,71-77,71,77
0022000150,2021-01-11,CLE,MEM,36.0,3,0,0,CLE,CLE,fg3_miss,79,False,False,MISS Ferrell 26' 3PT Pullup Jump Shot,,71-77,71,77
0022000150,2021-01-11,CLE,MEM,36.0,3,0,0,CLE,CLE,reb,0,False,False,CAVALIERS Rebound,,71-77,71,77
0022000150,2021-01-11,CLE,MEM,36.0,3,0,0,CLE,,period_end,0,False,False,,,71-77,71,77
0022000150,2021-01-11,CLE,MEM,36.0,4,12,0,CLE,,period_start,0,False,False,,,71-77,71,77
0022000150,2021-01-11,CLE,MEM,36.25,4,11,45,CLE,CLE,fg3_make,1,False,False,Osman 27' 3PT Jump Shot (12 PTS) (Dotson 4 AST),,74-77,74,77
0022000150,2021-01-11,CLE,MEM,36.42,4,11,35,MEM,CLE,foul,1,False,False,Osman P.FOUL (P2.T1) (C.Blair),,74-77,74,77
0022000150,2021-01-11,CLE,MEM,36.58,4,11,25,MEM,CLE,foul,1,False,False,McGee P.FOUL (P3.T2) (C.Blair),,74-77,74,77
0022000150,2021-01-11,CLE,MEM,36.67,4,11,20,MEM,MEM,fg_miss,101,True,False,,MISS Frazier 8' Driving Floating Jump Shot,74-77,74,77
0022000150,2021-01-11,CLE,MEM,36.67,4,11,20,MEM,CLE,block,101,True,False,block,block,74-77,74,77
0022000150,2021-01-11,CLE,MEM,36.7,4,11,18,MEM,MEM,reb,0,False,False,,Brooks REBOUND (Off:2 Def:3),74-77,74,77
0022000150,2021-01-11,CLE,MEM,36.72,4,11,17,MEM,MEM,fg3_miss,80,False,False,,MISS Brooks 3PT Step Back Jump Shot,74-77,74,77
0022000150,2021-01-11,CLE,MEM,36.73,4,11,16,CLE,CLE,reb,0,False,False,McGee REBOUND (Off:0 Def:6),,74-77,74,77
0022000150,2021-01-11,CLE,MEM,37.07,4,10,56,CLE,CLE,fg_miss,98,True,False,MISS McGee 5' Cutting Layup Shot,,74-77,74,77
0022000150,2021-01-11,CLE,MEM,37.07,4,10,56,CLE,MEM,block,98,True,False,block,block,74-77,74,77
0022000150,2021-01-11,CLE,MEM,37.07,4,10,56,CLE,CLE,reb,0,False,False,CAVALIERS Rebound,,74-77,74,77
0022000150,2021-01-11,CLE,MEM,37.15,4,10,51,CLE,CLE,fg3_miss,1,False,False,MISS McGee 26' 3PT Jump Shot,,74-77,74,77
0022000150,2021-01-11,CLE,MEM,37.15,4,10,51,CLE,CLE,reb,0,False,False,CAVALIERS Rebound,,74-77,74,77
0022000150,2021-01-11,CLE,MEM,37.15,4,10,51,CLE,CLE,tov,11,False,False,CAVALIERS Turnover: Shot Clock (T#17),,74-77,74,77
0022000150,2021-01-11,CLE,MEM,37.5,4,10,30,MEM,MEM,tov,1,False,True,,Allen Bad Pass Turnover (P1.T12),74-77,74,77
0022000150,2021-01-11,CLE,MEM,37.5,4,10,30,MEM,CLE,steal,1,False,True,steal,steal,74-77,74,77
0022000150,2021-01-11,CLE,MEM,37.58,4,10,25,CLE,CLE,fg_miss,41,False,False,MISS Osman 1' Running Layup,,74-77,74,77
0022000150,2021-01-11,CLE,MEM,37.63,4,10,22,MEM,MEM,reb,0,False,False,,Frazier REBOUND (Off:0 Def:1),74-77,74,77
0022000150,2021-01-11,CLE,MEM,37.7,4,10,18,MEM,MEM,fg3_miss,1,False,False,,MISS Brooks 26' 3PT Jump Shot,74-77,74,77
0022000150,2021-01-11,CLE,MEM,37.75,4,10,15,CLE,CLE,reb,0,False,False,McGee REBOUND (Off:0 Def:7),,74-77,74,77
0022000150,2021-01-11,CLE,MEM,37.78,4,10,13,CLE,CLE,tov,1,False,True,McGee Bad Pass Turnover (P1.T18),,74-77,74,77
0022000150,2021-01-11,CLE,MEM,37.78,4,10,13,CLE,MEM,steal,1,False,True,steal,steal,74-77,74,77
0022000150,2021-01-11,CLE,MEM,38.07,4,9,56,MEM,MEM,tov,45,False,False,,Frazier Out of Bounds - Bad Pass Turnover Turnover (P1.T13),74-77,74,77
0022000150,2021-01-11,CLE,MEM,38.33,4,9,40,CLE,CLE,fg_make,79,False,False,Stevens 17' Pullup Jump Shot (4 PTS) (McGee 2 AST),,76-77,76,77
0022000150,2021-01-11,CLE,MEM,38.6,4,9,24,MEM,MEM,fg_miss,6,True,False,,MISS Brooks 1' Driving Layup,76-77,76,77
0022000150,2021-01-11,CLE,MEM,38.6,4,9,24,MEM,CLE,block,6,True,False,block,block,76-77,76,77
0022000150,2021-01-11,CLE,MEM,38.63,4,9,22,MEM,MEM,reb,0,False,False,,Valanciunas REBOUND (Off:1 Def:3),76-77,76,77
0022000150,2021-01-11,CLE,MEM,38.65,4,9,21,MEM,MEM,fg_make,72,False,False,,Valanciunas 3' Putback Layup (10 PTS),76-79,76,79
0022000150,2021-01-11,CLE,MEM,38.93,4,9,4,CLE,CLE,fg_miss,6,False,False,MISS Ferrell 1' Driving Layup,,76-79,76,79
0022000150,2021-01-11,CLE,MEM,38.98,4,9,1,MEM,MEM,reb,0,False,False,,Frazier REBOUND (Off:0 Def:2),76-79,76,79
0022000150,2021-01-11,CLE,MEM,39.08,4,8,55,MEM,MEM,fg_make,108,False,False,,Clarke 2' Cutting Dunk Shot (15 PTS) (Frazier 2 AST),76-81,76,81
0022000150,2021-01-11,CLE,MEM,39.08,4,8,55,CLE,CLE,timeout,1,False,False,CAVALIERS Timeout: Regular (Full 5 Short 0),,76-81,76,81
0022000150,2021-01-11,CLE,MEM,39.35,4,8,39,CLE,CLE,fg3_make,1,False,False,Nance Jr. 27' 3PT Jump Shot (13 PTS) (Dotson 5 AST),,79-81,79,81
0022000150,2021-01-11,CLE,MEM,39.67,4,8,20,MEM,MEM,fg3_miss,1,False,False,,MISS Brooks 25' 3PT Jump Shot,79-81,79,81
0022000150,2021-01-11,CLE,MEM,39.7,4,8,18,CLE,CLE,reb,0,False,False,Okoro REBOUND (Off:1 Def:1),,79-81,79,81
0022000150,2021-01-11,CLE,MEM,39.88,4,8,7,,CLE,jump_ball,0,False,False,Jump Ball Osman vs. Bane: Tip to Nance Jr.,,79-81,79,81
0022000150,2021-01-11,CLE,MEM,40.07,4,7,56,CLE,CLE,fg_miss,67,False,False,MISS McGee 4' Hook Bank Shot,,79-81,79,81
0022000150,2021-01-11,CLE,MEM,40.08,4,7,55,MEM,MEM,reb,0,False,False,,Jones REBOUND (Off:1 Def:4),79-81,79,81
0022000150,2021-01-11,CLE,MEM,40.08,4,7,55,MEM,CLE,foul,1,False,False,Osman P.FOUL (P3.T3) (C.Blair),,79-81,79,81
0022000150,2021-01-11,CLE,MEM,40.18,4,7,49,MEM,MEM,tov,1,False,True,,Brooks Bad Pass Turnover (P3.T14),79-81,79,81
0022000150,2021-01-11,CLE,MEM,40.18,4,7,49,MEM,CLE,steal,1,False,True,steal,steal,79-81,79,81
0022000150,2021-01-11,CLE,MEM,40.32,4,7,41,CLE,CLE,fg_make,7,False,False,Drummond Dunk (15 PTS) (Osman 4 AST),,81-81,81,81
0022000150,2021-01-11,CLE,MEM,40.6,4,7,24,MEM,MEM,fg_miss,102,False,False,,MISS Jones 10' Driving Floating Bank Jump Shot,81-81,81,81
0022000150,2021-01-11,CLE,MEM,40.65,4,7,21,CLE,CLE,reb,0,False,False,Drummond REBOUND (Off:3 Def:6),,81-81,81,81
0022000150,2021-01-11,CLE,MEM,40.83,4,7,10,CLE,MEM,foul,2,False,False,,Tillman S.FOUL (P2.T1) (C.Blair),81-81,81,81
0022000150,2021-01-11,CLE,MEM,40.83,4,7,10,CLE,CLE,ft_miss,11,False,False,MISS Drummond Free Throw 1 of 2,,81-81,81,81
0022000150,2021-01-11,CLE,MEM,40.83,4,7,10,CLE,CLE,reb,1,False,False,CAVALIERS Rebound,,81-81,81,81
0022000150,2021-01-11,CLE,MEM,40.83,4,7,10,CLE,CLE,ft_make,12,False,False,Drummond Free Throw 2 of 2 (16 PTS),,82-81,82,81
0022000150,2021-01-11,CLE,MEM,41.15,4,6,51,MEM,MEM,tov,1,False,True,,Bane Bad Pass Turnover (P2.T15),82-81,82,81
0022000150,2021-01-11,CLE,MEM,41.15,4,6,51,MEM,CLE,steal,1,False,True,steal,steal,82-81,82,81
0022000150,2021-01-11,CLE,MEM,41.27,4,6,44,CLE,CLE,fg3_miss,1,False,False,MISS Osman 26' 3PT Jump Shot,,82-81,82,81
0022000150,2021-01-11,CLE,MEM,41.28,4,6,43,CLE,CLE,reb,0,False,False,Dotson REBOUND (Off:1 Def:2),,82-81,82,81
0022000150,2021-01-11,CLE,MEM,41.28,4,6,43,CLE,CLE,fg_make,97,False,False,Dotson Tip Layup Shot (12 PTS),,84-81,84,81
0022000150,2021-01-11,CLE,MEM,41.28,4,6,43,MEM,MEM,timeout,1,False,False,,Grizzlies Timeout: Regular (Reg.4 Short 0),84-81,84,81
0022000150,2021-01-11,CLE,MEM,41.42,4,6,35,MEM,CLE,foul,2,False,False,Drummond S.FOUL (P2.T4) (C.Blair),,84-81,84,81
0022000150,2021-01-11,CLE,MEM,41.42,4,6,35,MEM,MEM,ft_make,11,False,False,,Anderson Free Throw 1 of 2 (5 PTS),84-82,84,82
0022000150,2021-01-11,CLE,MEM,41.42,4,6,35,MEM,MEM,ft_make,12,False,False,,Anderson Free Throw 2 of 2 (6 PTS),84-83,84,83
0022000150,2021-01-11,CLE,MEM,41.68,4,6,19,CLE,CLE,fg_make,6,False,False,Dotson 1' Driving Layup (14 PTS),,86-83,86,83
0022000150,2021-01-11,CLE,MEM,41.98,4,6,1,MEM,CLE,foul,1,False,False,Drummond P.FOUL (P3.PN) (C.Blair),,86-83,86,83
0022000150,2021-01-11,CLE,MEM,41.98,4,6,1,MEM,MEM,ft_miss,11,False,False,,MISS Melton Free Throw 1 of 2,86-83,86,83
0022000150,2021-01-11,CLE,MEM,41.98,4,6,1,MEM,MEM,reb,1,False,False,,Grizzlies Rebound,86-83,86,83
0022000150,2021-01-11,CLE,MEM,41.98,4,6,1,MEM,MEM,ft_make,12,False,False,,Melton Free Throw 2 of 2 (5 PTS),86-84,86,84
0022000150,2021-01-11,CLE,MEM,42.15,4,5,51,CLE,CLE,fg_miss,79,False,False,MISS Dotson 20' Pullup Jump Shot,,86-84,86,84
0022000150,2021-01-11,CLE,MEM,42.2,4,5,48,CLE,CLE,reb,0,False,False,Drummond REBOUND (Off:4 Def:6),,86-84,86,84
0022000150,2021-01-11,CLE,MEM,42.27,4,5,44,CLE,CLE,fg_miss,6,False,False,MISS Drummond 1' Driving Layup,,86-84,86,84
0022000150,2021-01-11,CLE,MEM,42.32,4,5,41,CLE,CLE,reb,0,False,False,Drummond REBOUND (Off:5 Def:6),,86-84,86,84
0022000150,2021-01-11,CLE,MEM,42.32,4,5,41,CLE,CLE,fg_miss,97,False,False,MISS Drummond Tip Layup Shot,,86-84,86,84
0022000150,2021-01-11,CLE,MEM,42.33,4,5,40,MEM,MEM,reb,0,False,False,,Valanciunas REBOUND (Off:1 Def:4),86-84,86,84
0022000150,2021-01-11,CLE,MEM,42.68,4,5,19,MEM,MEM,fg_make,79,False,False,,Anderson 14' Pullup Jump Shot (8 PTS),86-86,86,86
0022000150,2021-01-11,CLE,MEM,43.1,4,4,54,CLE,CLE,fg3_miss,1,False,False,MISS Dotson 3PT Jump Shot,,86-86,86,86
0022000150,2021-01-11,CLE,MEM,43.15,4,4,51,MEM,MEM,reb,0,False,False,,Valanciunas REBOUND (Off:1 Def:5),86-86,86,86
0022000150,2021-01-11,CLE,MEM,43.27,4,4,44,MEM,MEM,fg3_make,1,False,False,,Melton 25' 3PT Jump Shot (8 PTS) (Jones 7 AST),86-89,86,89
0022000150,2021-01-11,CLE,MEM,43.65,4,4,21,CLE,CLE,fg_make,101,False,False,Osman 11' Driving Floating Jump Shot (14 PTS),,88-89,88,89
0022000150,2021-01-11,CLE,MEM,43.97,4,4,2,MEM,MEM,fg_miss,5,True,False,,MISS Valanciunas 1' Layup,88-89,88,89
0022000150,2021-01-11,CLE,MEM,43.97,4,4,2,MEM,CLE,block,5,True,False,block,block,88-89,88,89
0022000150,2021-01-11,CLE,MEM,44.03,4,3,58,CLE,CLE,reb,0,False,False,Drummond REBOUND (Off:5 Def:7),,88-89,88,89
0022000150,2021-01-11,CLE,MEM,44.32,4,3,41,CLE,CLE,fg3_miss,79,False,False,MISS Osman 26' 3PT Pullup Jump Shot,,88-89,88,89
0022000150,2021-01-11,CLE,MEM,44.37,4,3,38,MEM,MEM,reb,0,False,False,,Bane REBOUND (Off:0 Def:4),88-89,88,89
0022000150,2021-01-11,CLE,MEM,44.38,4,3,37,MEM,MEM,fg_make,41,False,False,,Bane Running Layup (8 PTS),88-91,88,91
0022000150,2021-01-11,CLE,MEM,44.38,4,3,37,MEM,CLE,foul,2,False,False,Drummond S.FOUL (P4.PN) (G.Petraitis),,88-91,88,91
0022000150,2021-01-11,CLE,MEM,44.38,4,3,37,MEM,MEM,ft_make,10,False,False,,Bane Free Throw 1 of 1 (9 PTS),88-92,88,92
0022000150,2021-01-11,CLE,MEM,44.83,4,3,10,MEM,MEM,timeout,1,False,False,,Grizzlies Timeout: Regular (Reg.5 Short 0),88-92,88,92
0022000150,2021-01-11,CLE,MEM,44.83,4,3,10,CLE,CLE,tov,11,False,False,CAVALIERS Turnover: Shot Clock (T#19),,88-92,88,92
0022000150,2021-01-11,CLE,MEM,45.05,4,2,57,MEM,MEM,fg_miss,47,False,False,,MISS Brooks 11' Turnaround Jump Shot,88-92,88,92
0022000150,2021-01-11,CLE,MEM,45.1,4,2,54,CLE,CLE,reb,0,False,False,Drummond REBOUND (Off:5 Def:8),,88-92,88,92
0022000150,2021-01-11,CLE,MEM,45.32,4,2,41,CLE,CLE,tov,45,False,False,Drummond Out of Bounds - Bad Pass Turnover Turnover (P3.T20),,88-92,88,92
0022000150,2021-01-11,CLE,MEM,45.73,4,2,16,MEM,MEM,fg_miss,63,False,False,,MISS Jones 7' Fadeaway Jumper,88-92,88,92
0022000150,2021-01-11,CLE,MEM,45.78,4,2,13,MEM,MEM,reb,0,False,False,,Clarke REBOUND (Off:1 Def:1),88-92,88,92
0022000150,2021-01-11,CLE,MEM,45.78,4,2,13,MEM,MEM,fg_miss,97,False,False,,MISS Clarke Tip Layup Shot,88-92,88,92
0022000150,2021-01-11,CLE,MEM,45.78,4,2,13,CLE,CLE,reb,0,False,False,Drummond REBOUND (Off:5 Def:9),,88-92,88,92
0022000150,2021-01-11,CLE,MEM,45.78,4,2,13,,CLE,jump_ball,0,False,False,Jump Ball Drummond vs. Clarke: Tip to Dotson,,88-92,88,92
0022000150,2021-01-11,CLE,MEM,45.92,4,2,5,CLE,CLE,fg_make,98,False,False,Drummond 1' Cutting Layup Shot (18 PTS) (Dotson 6 AST),,90-92,90,92
0022000150,2021-01-11,CLE,MEM,45.92,4,2,5,CLE,MEM,foul,2,False,False,,Valanciunas S.FOUL (P4.T2) (G.Petraitis),90-92,90,92
0022000150,2021-01-11,CLE,MEM,45.92,4,2,5,MEM,MEM,timeout,1,False,False,,Grizzlies Timeout: Regular (Reg.6 Short 0),90-92,90,92
0022000150,2021-01-11,CLE,MEM,45.92,4,2,5,CLE,CLE,ft_miss,10,False,False,MISS Drummond Free Throw 1 of 1,,90-92,90,92
0022000150,2021-01-11,CLE,MEM,45.97,4,2,2,MEM,MEM,reb,0,False,False,,Clarke REBOUND (Off:1 Def:2),90-92,90,92
0022000150,2021-01-11,CLE,MEM,46.27,4,1,44,MEM,MEM,fg_miss,58,False,False,,MISS Valanciunas 4' Turnaround Hook Shot,90-92,90,92
0022000150,2021-01-11,CLE,MEM,46.3,4,1,42,MEM,MEM,reb,0,False,False,,Valanciunas REBOUND (Off:2 Def:5),90-92,90,92
0022000150,2021-01-11,CLE,MEM,46.3,4,1,42,MEM,MEM,fg_make,72,False,False,,Valanciunas Putback Layup (12 PTS),90-94,90,94
0022000150,2021-01-11,CLE,MEM,46.55,4,1,27,CLE,CLE,fg_miss,6,False,False,MISS Drummond 1' Driving Layup,,90-94,90,94
0022000150,2021-01-11,CLE,MEM,46.6,4,1,24,MEM,MEM,reb,0,False,False,,Clarke REBOUND (Off:1 Def:3),90-94,90,94
0022000150,2021-01-11,CLE,MEM,46.75,4,1,15,MEM,CLE,foul,2,False,False,Drummond S.FOUL (P5.PN) (G.Petraitis),,90-94,90,94
0022000150,2021-01-11,CLE,MEM,46.75,4,1,15,MEM,MEM,ft_make,11,False,False,,Jones Free Throw 1 of 2 (12 PTS),90-95,90,95
0022000150,2021-01-11,CLE,MEM,46.75,4,1,15,MEM,MEM,ft_make,12,False,False,,Jones Free Throw 2 of 2 (13 PTS),90-96,90,96
0022000150,2021-01-11,CLE,MEM,46.75,4,1,15,CLE,CLE,timeout,1,False,False,CAVALIERS Timeout: Regular (Full 6 Short 0),,90-96,90,96
0022000150,2021-01-11,CLE,MEM,46.87,4,1,8,CLE,MEM,violation,5,False,False,,Valanciunas Violation:Kicked Ball (G.Petraitis),90-96,90,96
0022000150,2021-01-11,CLE,MEM,47.03,4,0,58,CLE,CLE,tov,45,False,False,Drummond Out of Bounds - Bad Pass Turnover Turnover (P4.T21),,90-96,90,96
0022000150,2021-01-11,CLE,MEM,47.4,4,0,36,MEM,MEM,fg3_make,1,False,False,,Brooks 32' 3PT Jump Shot (19 PTS) (Anderson 9 AST),90-99,90,99
0022000150,2021-01-11,CLE,MEM,47.48,4,0,31,CLE,MEM,foul,2,False,False,,Valanciunas S.FOUL (P5.T3) (G.Petraitis),90-99,90,99
0022000150,2021-01-11,CLE,MEM,47.48,4,0,31,CLE,CLE,ft_make,11,False,False,Drummond Free Throw 1 of 2 (19 PTS),,91-99,91,99
0022000150,2021-01-11,CLE,MEM,47.48,4,0,31,CLE,CLE,ft_miss,12,False,False,MISS Drummond Free Throw 2 of 2,,91-99,91,99
0022000150,2021-01-11,CLE,MEM,47.53,4,0,28,MEM,MEM,reb,0,False,False,,Brooks REBOUND (Off:2 Def:4),91-99,91,99
0022000150,2021-01-11,CLE,MEM,47.57,4,0,26,MEM,CLE,foul,1,False,False,Drummond P.FOUL (P6.PN) (C.Blair),,91-99,91,99
0022000150,2021-01-11,CLE,MEM,47.57,4,0,26,MEM,MEM,ft_make,11,False,False,,Brooks Free Throw 1 of 2 (20 PTS),91-100,91,100
0022000150,2021-01-11,CLE,MEM,47.57,4,0,26,MEM,MEM,ft_make,12,False,False,,Brooks Free Throw 2 of 2 (21 PTS),91-101,91,101
0022000150,2021-01-11,CLE,MEM,47.67,4,0,20,CLE,CLE,fg3_miss,79,False,False,MISS Ferrell 29' 3PT Pullup Jump Shot,,91-101,91,101
0022000150,2021-01-11,CLE,MEM,47.73,4,0,16,MEM,MEM,reb,0,False,False,,Brooks REBOUND (Off:2 Def:5),91-101,91,101
0022000150,2021-01-11,CLE,MEM,48.0,4,0,0,MEM,,period_end,0,False,False,,,91-101,91,101
