game_id,date,home,vis,time,period,mins,secs,pos,team,event,event_deets,block,steal,home_desc,vis_desc,score,home_score,vis_score
0022100969,2022-03-07,PHI,CHI,0.0,1,12,0,,,period_start,0,False,False,,,0-0,0,0
0022100969,2022-03-07,PHI,CHI,0.0,1,12,0,,PHI,jump_ball,0,False,False,Jump Ball Embiid vs. Thompson: Tip to Thybulle,,0-0,0,0
0022100969,2022-03-07,PHI,CHI,0.37,1,11,38,PHI,PHI,fg3_miss,1,False,False,MISS Maxey 3PT Jump Shot,,0-0,0,0
0022100969,2022-03-07,PHI,CHI,0.43,1,11,34,CHI,CHI,reb,0,False,False,,LaVine REBOUND (Off:0 Def:1),0-0,0,0
0022100969,2022-03-07,PHI,CHI,0.67,1,11,20,CHI,CHI,fg_miss,79,False,False,,MISS DeRozan 19' Pullup Jump Shot,0-0,0,0
0022100969,2022-03-07,PHI,CHI,0.72,1,11,17,PHI,PHI,reb,0,False,False,Embiid REBOUND (Off:0 Def:1),,0-0,0,0
0022100969,2022-03-07,PHI,CHI,0.92,1,11,5,PHI,PHI,fg_miss,86,False,False,MISS Embiid 10' Turnaround Fadeaway Shot,,0-0,0,0
0022100969,2022-03-07,PHI,CHI,1.05,1,10,57,CHI,CHI,reb,0,False,False,,Thompson REBOUND (Off:0 Def:1),0-0,0,0
0022100969,2022-03-07,PHI,CHI,1.2,1,10,48,CHI,CHI,fg_make,79,False,False,,DeRozan 17' Pullup Jump Shot (2 PTS),0-2,0,2
0022100969,2022-03-07,PHI,CHI,1.6,1,10,24,PHI,PHI,fg3_make,1,False,False,Embiid 26' 3PT Jump Shot (3 PTS) (Maxey 1 AST),,3-2,3,2
0022100969,2022-03-07,PHI,CHI,1.8,1,10,12,CHI,CHI,fg_miss,101,False,False,,MISS Dosunmu 6' Driving Floating Jump Shot,3-2,3,2
0022100969,2022-03-07,PHI,CHI,1.8,1,10,12,PHI,PHI,reb,0,False,False,76ERS Rebound,,3-2,3,2
0022100969,2022-03-07,PHI,CHI,2.1,1,9,54,PHI,PHI,fg3_miss,80,False,False,MISS Harden 29' 3PT Step Back Jump Shot,,3-2,3,2
0022100969,2022-03-07,PHI,CHI,2.13,1,9,52,CHI,CHI,reb,0,False,False,,Thompson REBOUND (Off:0 Def:2),3-2,3,2
0022100969,2022-03-07,PHI,CHI,2.2,1,9,48,PHI,CHI,foul,4,False,False,,Thompson OFF.Foul (P1) (S.Foster),3-2,3,2
0022100969,2022-03-07,PHI,CHI,2.2,1,9,48,CHI,CHI,tov,37,False,False,,Thompson Offensive Foul Turnover (P1.T1),3-2,3,2
0022100969,2022-03-07,PHI,CHI,2.42,1,9,35,PHI,CHI,foul,2,False,False,,LaVine S.FOUL (P1.T1) (E.Dalen),3-2,3,2
0022100969,2022-03-07,PHI,CHI,2.42,1,9,35,PHI,PHI,ft_make,11,False,False,Harden Free Throw 1 of 2 (1 PTS),,4-2,4,2
0022100969,2022-03-07,PHI,CHI,2.42,1,9,35,PHI,PHI,ft_make,12,False,False,Harden Free Throw 2 of 2 (2 PTS),,5-2,5,2
0022100969,2022-03-07,PHI,CHI,2.67,1,9,20,CHI,CHI,fg_make,86,False,False,,DeRozan 16' Turnaround Fadeaway (4 PTS),5-4,5,4
0022100969,2022-03-07,PHI,CHI,2.88,1,9,7,PHI,PHI,fg_make,6,False,False,Harden 3' Driving Layup (4 PTS) (Harris 1 AST),,7-4,7,4
0022100969,2022-03-07,PHI,CHI,3.1,1,8,54,CHI,CHI,fg_miss,79,False,False,,MISS Dosunmu 13' Pullup Jump Shot,7-4,7,4
0022100969,2022-03-07,PHI,CHI,3.17,1,8,50,CHI,CHI,reb,0,False,False,,Green REBOUND (Off:1 Def:0),7-4,7,4
0022100969,2022-03-07,PHI,CHI,3.17,1,8,50,CHI,CHI,fg_miss,97,False,False,,MISS Green Tip Layup Shot,7-4,7,4
0022100969,2022-03-07,PHI,CHI,3.18,1,8,49,CHI,CHI,reb,0,False,False,,Green REBOUND (Off:3 Def:0),7-4,7,4
0022100969,2022-03-07,PHI,CHI,3.18,1,8,49,CHI,CHI,fg_miss,97,False,False,,MISS Green Tip Layup Shot,7-4,7,4
0022100969,2022-03-07,PHI,CHI,3.18,1,8,49,CHI,CHI,reb,0,False,False,,Green REBOUND (Off:3 Def:0),7-4,7,4
0022100969,2022-03-07,PHI,CHI,3.23,1,8,46,CHI,CHI,fg_make,76,False,False,,LaVine 1' Running Finger Roll Layup (2 PTS) (Green 1 AST),7-6,7,6
0022100969,2022-03-07,PHI,CHI,3.47,1,8,32,PHI,CHI,foul,2,False,False,,Green S.FOUL (P1.T2) (S.Foster),7-6,7,6
0022100969,2022-03-07,PHI,CHI,3.47,1,8,32,PHI,PHI,ft_miss,11,False,False,MISS Embiid Free Throw 1 of 2,,7-6,7,6
0022100969,2022-03-07,PHI,CHI,3.47,1,8,32,PHI,PHI,reb,1,False,False,76ERS Rebound,,7-6,7,6
0022100969,2022-03-07,PHI,CHI,3.47,1,8,32,PHI,PHI,ft_make,12,False,False,Embiid Free Throw 2 of 2 (4 PTS),,8-6,8,6
0022100969,2022-03-07,PHI,CHI,3.77,1,8,14,CHI,CHI,fg_make,101,False,False,,Green 7' Driving Floating Jump Shot (2 PTS) (DeRozan 1 AST),8-8,8,8
0022100969,2022-03-07,PHI,CHI,3.88,1,8,7,PHI,PHI,tov,1,False,True,Thybulle Bad Pass Turnover (P1.T1),,8-8,8,8
0022100969,2022-03-07,PHI,CHI,3.88,1,8,7,PHI,CHI,steal,1,False,True,steal,steal,8-8,8,8
0022100969,2022-03-07,PHI,CHI,4.17,1,7,50,CHI,CHI,fg_make,3,False,False,,Thompson 2' Hook Shot (2 PTS) (LaVine 1 AST),8-10,8,10
0022100969,2022-03-07,PHI,CHI,4.32,1,7,41,PHI,PHI,fg3_miss,79,False,False,MISS Maxey 25' 3PT Pullup Jump Shot,,8-10,8,10
0022100969,2022-03-07,PHI,CHI,4.37,1,7,38,CHI,CHI,reb,0,False,False,,LaVine REBOUND (Off:0 Def:2),8-10,8,10
0022100969,2022-03-07,PHI,CHI,4.42,1,7,35,CHI,PHI,foul,1,False,False,Thybulle P.FOUL (P1.T1) (S.Foster),,8-10,8,10
0022100969,2022-03-07,PHI,CHI,4.47,1,7,32,CHI,CHI,fg_make,6,False,False,,LaVine 1' Driving Layup (4 PTS) (Dosunmu 1 AST),8-12,8,12
0022100969,2022-03-07,PHI,CHI,4.78,1,7,13,PHI,PHI,fg3_miss,1,False,False,MISS Embiid 28' 3PT Jump Shot,,8-12,8,12
0022100969,2022-03-07,PHI,CHI,4.83,1,7,10,CHI,CHI,reb,0,False,False,,Dosunmu REBOUND (Off:0 Def:1),8-12,8,12
0022100969,2022-03-07,PHI,CHI,4.97,1,7,2,CHI,CHI,tov,1,False,True,,DeRozan Bad Pass Turnover (P1.T2),8-12,8,12
0022100969,2022-03-07,PHI,CHI,4.97,1,7,2,CHI,PHI,steal,1,False,True,steal,steal,8-12,8,12
0022100969,2022-03-07,PHI,CHI,5.0,1,7,0,PHI,CHI,foul,2,False,False,,LaVine S.FOUL (P2.T3) (S.Foster),8-12,8,12
0022100969,2022-03-07,PHI,CHI,5.0,1,7,0,PHI,PHI,ft_make,11,False,False,Harden Free Throw 1 of 2 (5 PTS),,9-12,9,12
0022100969,2022-03-07,PHI,CHI,5.0,1,7,0,PHI,PHI,ft_make,12,False,False,Harden Free Throw 2 of 2 (6 PTS),,10-12,10,12
0022100969,2022-03-07,PHI,CHI,5.2,1,6,48,CHI,CHI,fg_make,79,False,False,,DeRozan 16' Pullup Jump Shot (6 PTS),10-14,10,14
0022100969,2022-03-07,PHI,CHI,5.22,1,6,47,PHI,PHI,timeout,1,False,False,76ERS Timeout: Regular (Full 1 Short 0),,10-14,10,14
0022100969,2022-03-07,PHI,CHI,5.47,1,6,32,PHI,PHI,fg_make,44,False,False,Harris 1' Reverse Layup (2 PTS) (Embiid 1 AST),,12-14,12,14
0022100969,2022-03-07,PHI,CHI,5.67,1,6,20,CHI,CHI,fg_miss,63,False,False,,MISS LaVine 12' Fadeaway Jumper,12-14,12,14
0022100969,2022-03-07,PHI,CHI,5.72,1,6,17,PHI,PHI,reb,0,False,False,Thybulle REBOUND (Off:0 Def:1),,12-14,12,14
0022100969,2022-03-07,PHI,CHI,5.9,1,6,6,PHI,PHI,fg_make,6,False,False,Thybulle 2' Driving Layup (2 PTS) (Harden 1 AST),,14-14,14,14
0022100969,2022-03-07,PHI,CHI,6.23,1,5,46,CHI,PHI,foul,2,False,False,Harris S.FOUL (P1.T2) (S.Foster),,14-14,14,14
0022100969,2022-03-07,PHI,CHI,6.23,1,5,46,CHI,CHI,ft_make,11,False,False,,DeRozan Free Throw 1 of 2 (7 PTS),14-15,14,15
0022100969,2022-03-07,PHI,CHI,6.23,1,5,46,CHI,CHI,ft_make,12,False,False,,DeRozan Free Throw 2 of 2 (8 PTS),14-16,14,16
0022100969,2022-03-07,PHI,CHI,6.55,1,5,27,PHI,PHI,fg_miss,96,False,False,MISS Embiid 2' Turnaround Bank Hook Shot,,14-16,14,16
0022100969,2022-03-07,PHI,CHI,6.58,1,5,25,CHI,CHI,reb,0,False,False,,Thompson REBOUND (Off:0 Def:3),14-16,14,16
0022100969,2022-03-07,PHI,CHI,6.78,1,5,13,CHI,CHI,fg3_make,1,False,False,,Green 24' 3PT Jump Shot (5 PTS) (DeRozan 2 AST),14-19,14,19
0022100969,2022-03-07,PHI,CHI,7.12,1,4,53,PHI,PHI,tov,1,False,True,Harden Bad Pass Turnover (P1.T2),,14-19,14,19
0022100969,2022-03-07,PHI,CHI,7.12,1,4,53,PHI,CHI,steal,1,False,True,steal,steal,14-19,14,19
0022100969,2022-03-07,PHI,CHI,7.18,1,4,49,CHI,CHI,fg_make,76,False,False,,Dosunmu 3' Running Finger Roll Layup (2 PTS),14-21,14,21
0022100969,2022-03-07,PHI,CHI,7.42,1,4,35,PHI,CHI,foul,2,False,False,,Dosunmu S.FOUL (P1.T4) (S.Foster),14-21,14,21
0022100969,2022-03-07,PHI,CHI,7.42,1,4,35,PHI,PHI,ft_make,11,False,False,Thybulle Free Throw 1 of 2 (3 PTS),,15-21,15,21
0022100969,2022-03-07,PHI,CHI,7.42,1,4,35,PHI,PHI,ft_miss,12,False,False,MISS Thybulle Free Throw 2 of 2,,15-21,15,21
0022100969,2022-03-07,PHI,CHI,7.45,1,4,33,CHI,CHI,reb,0,False,False,,Thompson REBOUND (Off:0 Def:4),15-21,15,21
0022100969,2022-03-07,PHI,CHI,7.72,1,4,17,CHI,CHI,fg_make,58,False,False,,Thompson 13' Turnaround Hook Shot (4 PTS),15-23,15,23
0022100969,2022-03-07,PHI,CHI,7.87,1,4,8,PHI,PHI,fg_make,6,False,False,Embiid 3' Driving Layup (6 PTS) (Maxey 2 AST),,17-23,17,23
0022100969,2022-03-07,PHI,CHI,7.87,1,4,8,PHI,CHI,foul,2,False,False,,Thompson S.FOUL (P2.PN) (J.Sterling),17-23,17,23
0022100969,2022-03-07,PHI,CHI,7.87,1,4,8,PHI,PHI,ft_make,10,False,False,Embiid Free Throw 1 of 1 (7 PTS),,18-23,18,23
0022100969,2022-03-07,PHI,CHI,8.13,1,3,52,CHI,CHI,fg_miss,79,False,False,,MISS DeRozan 16' Pullup Jump Shot,18-23,18,23
0022100969,2022-03-07,PHI,CHI,8.18,1,3,49,CHI,CHI,reb,0,False,False,,DeRozan REBOUND (Off:1 Def:0),18-23,18,23
0022100969,2022-03-07,PHI,CHI,8.23,1,3,46,CHI,CHI,fg_make,75,False,False,,DeRozan 1' Driving Finger Roll Layup (10 PTS),18-25,18,25
0022100969,2022-03-07,PHI,CHI,8.47,1,3,32,PHI,PHI,tov,13,False,False,Niang Backcourt Turnover (P1.T3),,18-25,18,25
0022100969,2022-03-07,PHI,CHI,8.67,1,3,20,CHI,CHI,fg3_miss,1,False,False,,MISS Brown Jr. 3PT Jump Shot,18-25,18,25
0022100969,2022-03-07,PHI,CHI,8.7,1,3,18,PHI,PHI,reb,0,False,False,Embiid REBOUND (Off:0 Def:2),,18-25,18,25
0022100969,2022-03-07,PHI,CHI,8.77,1,3,14,PHI,PHI,fg_make,103,False,False,Embiid 13' Running Pull-Up Jump Shot (9 PTS),,20-25,20,25
0022100969,2022-03-07,PHI,CHI,8.77,1,3,14,PHI,CHI,foul,2,False,False,,Bradley S.FOUL (P1.PN) (J.Sterling),20-25,20,25
0022100969,2022-03-07,PHI,CHI,8.77,1,3,14,PHI,PHI,ft_make,10,False,False,Embiid Free Throw 1 of 1 (10 PTS),,21-25,21,25
0022100969,2022-03-07,PHI,CHI,8.77,1,3,14,CHI,CHI,timeout,1,False,False,,Bulls Timeout: Regular (Reg.1 Short 0),21-25,21,25
0022100969,2022-03-07,PHI,CHI,8.93,1,3,4,CHI,CHI,fg3_miss,1,False,False,,MISS White 27' 3PT Jump Shot,21-25,21,25
0022100969,2022-03-07,PHI,CHI,8.97,1,3,2,PHI,PHI,reb,0,False,False,76ERS Rebound,,21-25,21,25
0022100969,2022-03-07,PHI,CHI,9.22,1,2,47,PHI,PHI,fg3_make,1,False,False,Milton 24' 3PT Jump Shot (3 PTS) (Maxey 3 AST),,24-25,24,25
0022100969,2022-03-07,PHI,CHI,9.42,1,2,35,CHI,PHI,foul,2,False,False,Maxey S.FOUL (P1.T3) (J.Sterling),,24-25,24,25
0022100969,2022-03-07,PHI,CHI,9.42,1,2,35,CHI,CHI,ft_miss,11,False,False,,MISS DeRozan Free Throw 1 of 2,24-25,24,25
0022100969,2022-03-07,PHI,CHI,9.42,1,2,35,CHI,CHI,reb,1,False,False,,Bulls Rebound,24-25,24,25
0022100969,2022-03-07,PHI,CHI,9.42,1,2,35,CHI,CHI,ft_make,12,False,False,,DeRozan Free Throw 2 of 2 (11 PTS),24-26,24,26
0022100969,2022-03-07,PHI,CHI,9.5,1,2,30,PHI,CHI,foul,1,False,False,,Bradley P.FOUL (P2.PN) (J.Sterling),24-26,24,26
0022100969,2022-03-07,PHI,CHI,9.5,1,2,30,PHI,PHI,ft_miss,11,False,False,MISS Embiid Free Throw 1 of 2,,24-26,24,26
0022100969,2022-03-07,PHI,CHI,9.5,1,2,30,PHI,PHI,reb,1,False,False,76ERS Rebound,,24-26,24,26
0022100969,2022-03-07,PHI,CHI,9.5,1,2,30,PHI,PHI,ft_make,12,False,False,Embiid Free Throw 2 of 2 (11 PTS),,25-26,25,26
0022100969,2022-03-07,PHI,CHI,9.72,1,2,17,CHI,CHI,fg3_make,1,False,False,,Brown Jr. 24' 3PT Jump Shot (3 PTS) (Bradley 1 AST),25-29,25,29
0022100969,2022-03-07,PHI,CHI,9.88,1,2,7,PHI,PHI,fg3_make,1,False,False,Niang 29' 3PT Jump Shot (3 PTS) (Harden 2 AST),,28-29,28,29
0022100969,2022-03-07,PHI,CHI,10.13,1,1,52,CHI,CHI,fg_miss,79,False,False,,MISS White 15' Pullup Jump Shot,28-29,28,29
0022100969,2022-03-07,PHI,CHI,10.18,1,1,49,PHI,PHI,reb,0,False,False,Niang REBOUND (Off:0 Def:1),,28-29,28,29
0022100969,2022-03-07,PHI,CHI,10.33,1,1,40,PHI,PHI,fg3_make,1,False,False,Niang 26' 3PT Jump Shot (6 PTS) (Harden 3 AST),,31-29,31,29
0022100969,2022-03-07,PHI,CHI,10.65,1,1,21,CHI,CHI,fg_miss,101,False,False,,MISS Jones Jr. 5' Driving Floating Jump Shot,31-29,31,29
0022100969,2022-03-07,PHI,CHI,10.68,1,1,19,PHI,PHI,reb,0,False,False,Embiid REBOUND (Off:0 Def:3),,31-29,31,29
0022100969,2022-03-07,PHI,CHI,10.85,1,1,9,PHI,PHI,fg3_make,80,False,False,Harden 26' 3PT Step Back Jump Shot (9 PTS),,34-29,34,29
0022100969,2022-03-07,PHI,CHI,11.08,1,0,55,CHI,CHI,tov,45,False,False,,Jones Jr. Out of Bounds - Bad Pass Turnover Turnover (P1.T3),34-29,34,29
0022100969,2022-03-07,PHI,CHI,11.28,1,0,43,PHI,PHI,fg_miss,43,False,False,MISS Jordan 1' Alley Oop Layup,,34-29,34,29
0022100969,2022-03-07,PHI,CHI,11.33,1,0,40,CHI,CHI,reb,0,False,False,,DeRozan REBOUND (Off:1 Def:1),34-29,34,29
0022100969,2022-03-07,PHI,CHI,11.37,1,0,38,CHI,CHI,fg3_make,2,False,False,,White 28' 3PT Running Jump Shot (3 PTS) (DeRozan 3 AST),34-32,34,32
0022100969,2022-03-07,PHI,CHI,11.5,1,0,30,PHI,PHI,fg_miss,6,False,False,MISS Harden 2' Driving Layup,,34-32,34,32
0022100969,2022-03-07,PHI,CHI,11.53,1,0,28,PHI,PHI,reb,0,False,False,Jordan REBOUND (Off:1 Def:0),,34-32,34,32
0022100969,2022-03-07,PHI,CHI,11.55,1,0,27,PHI,PHI,fg3_make,1,False,False,Green 25' 3PT Jump Shot (3 PTS) (Jordan 1 AST),,37-32,37,32
0022100969,2022-03-07,PHI,CHI,11.93,1,0,4,,PHI,jump_ball,0,False,False,Jump Ball Green vs. DeRozan: Tip to Jordan,,37-32,37,32
0022100969,2022-03-07,PHI,CHI,11.93,1,0,4,CHI,CHI,tov,2,False,True,,DeRozan Lost Ball Turnover (P2.T4),37-32,37,32
0022100969,2022-03-07,PHI,CHI,11.93,1,0,4,CHI,PHI,steal,2,False,True,steal,steal,37-32,37,32
0022100969,2022-03-07,PHI,CHI,12.0,1,0,0,CHI,,period_end,0,False,False,,,37-32,37,32
0022100969,2022-03-07,PHI,CHI,12.0,2,12,0,CHI,,period_start,0,False,False,,,37-32,37,32
0022100969,2022-03-07,PHI,CHI,12.18,2,11,49,CHI,CHI,fg_miss,57,False,False,,MISS LaVine 2' Driving Hook Shot,37-32,37,32
0022100969,2022-03-07,PHI,CHI,12.28,2,11,43,CHI,CHI,reb,0,False,False,,Jones Jr. REBOUND (Off:1 Def:0),37-34,37,34
0022100969,2022-03-07,PHI,CHI,12.28,2,11,43,CHI,CHI,fg_make,107,False,False,,Jones Jr. Tip Dunk Shot (2 PTS),37-34,37,34
0022100969,2022-03-07,PHI,CHI,12.68,2,11,19,PHI,PHI,fg_miss,101,False,False,MISS Thybulle 7' Driving Floating Jump Shot,,37-34,37,34
0022100969,2022-03-07,PHI,CHI,12.72,2,11,17,CHI,CHI,reb,0,False,False,,LaVine REBOUND (Off:0 Def:3),37-34,37,34
0022100969,2022-03-07,PHI,CHI,12.78,2,11,13,CHI,CHI,fg3_miss,80,False,False,,MISS White 27' 3PT Step Back Jump Shot,37-34,37,34
0022100969,2022-03-07,PHI,CHI,12.82,2,11,11,PHI,PHI,reb,0,False,False,Niang REBOUND (Off:0 Def:2),,37-34,37,34
0022100969,2022-03-07,PHI,CHI,12.95,2,11,3,PHI,CHI,foul,2,False,False,,Jones Jr. S.FOUL (P1.T1) (J.Sterling),37-34,37,34
0022100969,2022-03-07,PHI,CHI,12.95,2,11,3,PHI,PHI,ft_make,11,False,False,Jordan Free Throw 1 of 2 (1 PTS),,38-34,38,34
0022100969,2022-03-07,PHI,CHI,12.95,2,11,3,PHI,PHI,ft_make,12,False,False,Jordan Free Throw 2 of 2 (2 PTS),,39-34,39,34
0022100969,2022-03-07,PHI,CHI,13.08,2,10,55,CHI,CHI,fg_make,75,False,False,,Dosunmu 3' Driving Finger Roll Layup (4 PTS),39-36,39,36
0022100969,2022-03-07,PHI,CHI,13.08,2,10,55,CHI,PHI,violation,2,False,False,Jordan Violation:Defensive Goaltending (E.Dalen),,39-36,39,36
0022100969,2022-03-07,PHI,CHI,13.42,2,10,35,PHI,PHI,tov,1,False,True,Harden Bad Pass Turnover (P2.T4),,39-36,39,36
0022100969,2022-03-07,PHI,CHI,13.42,2,10,35,PHI,CHI,steal,1,False,True,steal,steal,39-36,39,36
0022100969,2022-03-07,PHI,CHI,13.53,2,10,28,CHI,PHI,foul,1,False,False,Thybulle P.FOUL (P2.T1) (E.Dalen),,39-36,39,36
0022100969,2022-03-07,PHI,CHI,13.6,2,10,24,CHI,CHI,fg3_miss,1,False,False,,MISS LaVine 24' 3PT Jump Shot,39-36,39,36
0022100969,2022-03-07,PHI,CHI,13.67,2,10,20,PHI,PHI,reb,0,False,False,Jordan REBOUND (Off:1 Def:1),,39-36,39,36
0022100969,2022-03-07,PHI,CHI,13.82,2,10,11,PHI,PHI,fg_miss,6,True,False,MISS Harden 2' Driving Layup,,39-36,39,36
0022100969,2022-03-07,PHI,CHI,13.82,2,10,11,PHI,CHI,block,6,True,False,block,block,39-36,39,36
0022100969,2022-03-07,PHI,CHI,13.82,2,10,11,PHI,PHI,reb,0,False,False,76ERS Rebound,,39-36,39,36
0022100969,2022-03-07,PHI,CHI,13.9,2,10,6,PHI,PHI,fg_make,79,False,False,Harris 7' Pullup Jump Shot (4 PTS),,41-36,41,36
0022100969,2022-03-07,PHI,CHI,14.37,2,9,38,CHI,CHI,fg3_miss,1,False,False,,MISS Green 25' 3PT Jump Shot,41-36,41,36
0022100969,2022-03-07,PHI,CHI,14.42,2,9,35,PHI,PHI,reb,0,False,False,Harden REBOUND (Off:0 Def:1),,41-36,41,36
0022100969,2022-03-07,PHI,CHI,14.57,2,9,26,PHI,PHI,fg_make,75,False,False,Harden 2' Driving Finger Roll Layup (11 PTS),,43-36,43,36
0022100969,2022-03-07,PHI,CHI,14.95,2,9,3,CHI,CHI,fg_miss,1,False,False,,MISS LaVine 21' Jump Shot,43-36,43,36
0022100969,2022-03-07,PHI,CHI,14.98,2,9,1,CHI,CHI,reb,0,False,False,,Jones Jr. REBOUND (Off:2 Def:0),43-36,43,36
0022100969,2022-03-07,PHI,CHI,15.07,2,8,56,CHI,CHI,fg_make,75,False,False,,White 3' Driving Finger Roll Layup (5 PTS) (Dosunmu 2 AST),43-38,43,38
0022100969,2022-03-07,PHI,CHI,15.35,2,8,39,PHI,CHI,foul,2,False,False,,Green S.FOUL (P2.T2) (J.Sterling),43-38,43,38
0022100969,2022-03-07,PHI,CHI,15.35,2,8,39,PHI,PHI,ft_make,11,False,False,Thybulle Free Throw 1 of 2 (4 PTS),,44-38,44,38
0022100969,2022-03-07,PHI,CHI,15.35,2,8,39,PHI,PHI,ft_make,12,False,False,Thybulle Free Throw 2 of 2 (5 PTS),,45-38,45,38
0022100969,2022-03-07,PHI,CHI,15.67,2,8,20,CHI,CHI,tov,2,False,True,,LaVine Lost Ball Turnover (P1.T5),45-38,45,38
0022100969,2022-03-07,PHI,CHI,15.67,2,8,20,CHI,PHI,steal,2,False,True,steal,steal,45-38,45,38
0022100969,2022-03-07,PHI,CHI,15.75,2,8,15,PHI,PHI,fg3_miss,1,False,False,MISS Joe 27' 3PT Jump Shot,,45-38,45,38
0022100969,2022-03-07,PHI,CHI,15.82,2,8,11,CHI,CHI,reb,0,False,False,,Jones Jr. REBOUND (Off:2 Def:1),45-38,45,38
0022100969,2022-03-07,PHI,CHI,16.13,2,7,52,CHI,CHI,fg_miss,86,False,False,,MISS LaVine 18' Turnaround Fadeaway Shot,45-38,45,38
0022100969,2022-03-07,PHI,CHI,16.23,2,7,46,CHI,CHI,reb,0,False,False,,Jones Jr. REBOUND (Off:3 Def:1),45-40,45,40
0022100969,2022-03-07,PHI,CHI,16.23,2,7,46,CHI,CHI,fg_make,72,False,False,,Jones Jr. Putback Layup (4 PTS),45-40,45,40
0022100969,2022-03-07,PHI,CHI,16.35,2,7,39,PHI,CHI,foul,1,False,False,,Dosunmu P.FOUL (P2.T3) (S.Foster),45-40,45,40
0022100969,2022-03-07,PHI,CHI,16.53,2,7,28,PHI,PHI,fg_miss,6,False,False,MISS Harris Driving Layup,,45-40,45,40
0022100969,2022-03-07,PHI,CHI,16.58,2,7,25,CHI,CHI,reb,0,False,False,,LaVine REBOUND (Off:0 Def:4),45-40,45,40
0022100969,2022-03-07,PHI,CHI,16.6,2,7,24,CHI,PHI,foul,2,False,False,Harden S.FOUL (P1.T2) (S.Foster),,45-40,45,40
0022100969,2022-03-07,PHI,CHI,16.6,2,7,24,CHI,CHI,ft_make,11,False,False,,Dosunmu Free Throw 1 of 2 (5 PTS),45-41,45,41
0022100969,2022-03-07,PHI,CHI,16.6,2,7,24,CHI,CHI,ft_miss,12,False,False,,MISS Dosunmu Free Throw 2 of 2,45-41,45,41
0022100969,2022-03-07,PHI,CHI,16.68,2,7,19,CHI,CHI,reb,0,False,False,,White REBOUND (Off:1 Def:0),45-41,45,41
0022100969,2022-03-07,PHI,CHI,16.73,2,7,16,CHI,CHI,fg_make,108,False,False,,LaVine Cutting Dunk Shot (6 PTS) (Dosunmu 3 AST),45-43,45,43
0022100969,2022-03-07,PHI,CHI,17.03,2,6,58,PHI,PHI,fg_make,99,False,False,Embiid 2' Cutting Finger Roll Layup Shot (13 PTS) (Harden 4 AST),,47-43,47,43
0022100969,2022-03-07,PHI,CHI,17.22,2,6,47,CHI,CHI,tov,1,False,True,,Dosunmu Bad Pass Turnover (P1.T6),47-43,47,43
0022100969,2022-03-07,PHI,CHI,17.22,2,6,47,CHI,PHI,steal,1,False,True,steal,steal,47-43,47,43
0022100969,2022-03-07,PHI,CHI,17.32,2,6,41,PHI,PHI,fg_make,101,False,False,Maxey 5' Driving Floating Jump Shot (2 PTS) (Harris 2 AST),,49-43,49,43
0022100969,2022-03-07,PHI,CHI,17.72,2,6,17,CHI,CHI,tov,40,False,False,,LaVine Out of Bounds Lost Ball Turnover (P2.T7),49-43,49,43
0022100969,2022-03-07,PHI,CHI,17.72,2,6,17,PHI,PHI,timeout,1,False,False,76ERS Timeout: Regular (Full 2 Short 0),,49-43,49,43
0022100969,2022-03-07,PHI,CHI,18.08,2,5,55,PHI,PHI,fg_miss,86,False,False,MISS Maxey 9' Turnaround Fadeaway Shot,,49-43,49,43
0022100969,2022-03-07,PHI,CHI,18.12,2,5,53,CHI,CHI,reb,0,False,False,,Dosunmu REBOUND (Off:0 Def:2),49-43,49,43
0022100969,2022-03-07,PHI,CHI,18.4,2,5,36,CHI,CHI,fg_miss,79,False,False,,MISS DeRozan 12' Pullup Jump Shot,49-43,49,43
0022100969,2022-03-07,PHI,CHI,18.45,2,5,33,PHI,PHI,reb,0,False,False,Embiid REBOUND (Off:0 Def:4),,49-43,49,43
0022100969,2022-03-07,PHI,CHI,18.57,2,5,26,PHI,PHI,fg_miss,41,False,False,MISS Maxey 3' Running Layup,,49-43,49,43
0022100969,2022-03-07,PHI,CHI,18.6,2,5,24,CHI,CHI,reb,0,False,False,,DeRozan REBOUND (Off:1 Def:2),49-43,49,43
0022100969,2022-03-07,PHI,CHI,18.65,2,5,21,CHI,CHI,fg_make,41,False,False,,Dosunmu 1' Running Layup (7 PTS) (LaVine 2 AST),49-45,49,45
0022100969,2022-03-07,PHI,CHI,18.95,2,5,3,PHI,PHI,fg_miss,79,False,False,MISS Embiid 7' Pullup Jump Shot,,49-45,49,45
0022100969,2022-03-07,PHI,CHI,19.0,2,5,0,CHI,CHI,reb,0,False,False,,LaVine REBOUND (Off:0 Def:5),49-45,49,45
0022100969,2022-03-07,PHI,CHI,19.05,2,4,57,CHI,CHI,fg_miss,79,True,False,,MISS DeRozan 14' Pullup Jump Shot,49-45,49,45
0022100969,2022-03-07,PHI,CHI,19.05,2,4,57,CHI,PHI,block,79,True,False,block,block,49-45,49,45
0022100969,2022-03-07,PHI,CHI,19.05,2,4,57,PHI,PHI,reb,0,False,False,Green REBOUND (Off:0 Def:1),,49-45,49,45
0022100969,2022-03-07,PHI,CHI,19.18,2,4,49,PHI,PHI,tov,6,False,False,Embiid Double Dribble Turnover (P1.T5),,49-45,49,45
0022100969,2022-03-07,PHI,CHI,19.32,2,4,41,CHI,PHI,foul,1,False,False,Thybulle P.FOUL (P3.T3) (J.Sterling),,49-45,49,45
0022100969,2022-03-07,PHI,CHI,19.52,2,4,29,CHI,CHI,fg3_miss,79,False,False,,MISS DeRozan 26' 3PT Pullup Jump Shot,49-45,49,45
0022100969,2022-03-07,PHI,CHI,19.57,2,4,26,PHI,PHI,reb,0,False,False,Niang REBOUND (Off:0 Def:3),,49-45,49,45
0022100969,2022-03-07,PHI,CHI,19.62,2,4,23,PHI,PHI,fg_make,76,False,False,Embiid 1' Running Finger Roll Layup (15 PTS) (Green 1 AST),,51-45,51,45
0022100969,2022-03-07,PHI,CHI,19.83,2,4,10,CHI,CHI,fg_make,79,False,False,,Dosunmu 16' Pullup Jump Shot (9 PTS),51-47,51,47
0022100969,2022-03-07,PHI,CHI,20.05,2,3,57,PHI,CHI,foul,2,False,False,,DeRozan S.FOUL (P1.T4) (J.Sterling),51-47,51,47
0022100969,2022-03-07,PHI,CHI,20.05,2,3,57,PHI,PHI,ft_make,11,False,False,Niang Free Throw 1 of 2 (7 PTS),,52-47,52,47
0022100969,2022-03-07,PHI,CHI,20.05,2,3,57,PHI,PHI,ft_make,12,False,False,Niang Free Throw 2 of 2 (8 PTS),,53-47,53,47
0022100969,2022-03-07,PHI,CHI,20.38,2,3,37,CHI,CHI,fg3_miss,1,False,False,,MISS White 27' 3PT Jump Shot,53-47,53,47
0022100969,2022-03-07,PHI,CHI,20.4,2,3,36,CHI,CHI,reb,0,False,False,,Bulls Rebound,53-47,53,47
0022100969,2022-03-07,PHI,CHI,20.4,2,3,36,CHI,PHI,foul,3,False,False,Harden L.B.FOUL (P2.T4) (S.Foster),,53-47,53,47
0022100969,2022-03-07,PHI,CHI,20.65,2,3,21,CHI,CHI,fg_miss,101,False,False,,MISS White 11' Driving Floating Jump Shot,53-47,53,47
0022100969,2022-03-07,PHI,CHI,20.68,2,3,19,PHI,PHI,reb,0,False,False,Green REBOUND (Off:0 Def:2),,53-47,53,47
0022100969,2022-03-07,PHI,CHI,20.82,2,3,11,PHI,CHI,foul,2,False,False,,DeRozan S.FOUL (P2.PN) (S.Foster),53-47,53,47
0022100969,2022-03-07,PHI,CHI,20.82,2,3,11,PHI,PHI,ft_make,11,False,False,Embiid Free Throw 1 of 2 (16 PTS),,54-47,54,47
0022100969,2022-03-07,PHI,CHI,20.82,2,3,11,CHI,CHI,timeout,1,False,False,,Bulls Timeout: Regular (Reg.2 Short 0),54-47,54,47
0022100969,2022-03-07,PHI,CHI,20.82,2,3,11,CHI,PHI,ft_make,12,False,False,Embiid Free Throw 2 of 2 (17 PTS),,55-47,55,47
0022100969,2022-03-07,PHI,CHI,21.2,2,2,48,CHI,CHI,fg3_miss,80,False,False,,MISS LaVine 28' 3PT Step Back Jump Shot,55-47,55,47
0022100969,2022-03-07,PHI,CHI,21.25,2,2,45,CHI,CHI,reb,0,False,False,,DeRozan REBOUND (Off:2 Def:2),55-47,55,47
0022100969,2022-03-07,PHI,CHI,21.28,2,2,43,CHI,CHI,fg_make,44,False,False,,DeRozan 2' Reverse Layup (13 PTS),55-49,55,49
0022100969,2022-03-07,PHI,CHI,21.62,2,2,23,PHI,PHI,fg_miss,75,False,False,MISS Harris 2' Driving Finger Roll Layup,,55-49,55,49
0022100969,2022-03-07,PHI,CHI,21.65,2,2,21,PHI,PHI,reb,0,False,False,Harris REBOUND (Off:1 Def:0),,55-49,55,49
0022100969,2022-03-07,PHI,CHI,21.68,2,2,19,PHI,PHI,fg3_miss,1,False,False,MISS Harden 29' 3PT Jump Shot,,55-49,55,49
0022100969,2022-03-07,PHI,CHI,21.77,2,2,14,CHI,CHI,reb,0,False,False,,Thompson REBOUND (Off:0 Def:5),55-49,55,49
0022100969,2022-03-07,PHI,CHI,21.78,2,2,13,CHI,CHI,fg_make,50,False,False,,LaVine Running Dunk (8 PTS) (DeRozan 4 AST),55-51,55,51
0022100969,2022-03-07,PHI,CHI,22.08,2,1,55,PHI,PHI,fg_make,6,False,False,Harris 1' Driving Layup (6 PTS) (Harden 5 AST),,57-51,57,51
0022100969,2022-03-07,PHI,CHI,22.33,2,1,40,CHI,CHI,fg_miss,79,False,False,,MISS DeRozan 10' Pullup Jump Shot,57-51,57,51
0022100969,2022-03-07,PHI,CHI,22.4,2,1,36,PHI,PHI,reb,0,False,False,Embiid REBOUND (Off:0 Def:5),,57-51,57,51
0022100969,2022-03-07,PHI,CHI,22.57,2,1,26,PHI,PHI,tov,45,False,False,Harden Out of Bounds - Bad Pass Turnover Turnover (P3.T6),,57-51,57,51
0022100969,2022-03-07,PHI,CHI,22.87,2,1,8,CHI,CHI,fg_miss,101,False,False,,MISS Dosunmu 9' Driving Floating Jump Shot,57-51,57,51
0022100969,2022-03-07,PHI,CHI,22.92,2,1,5,CHI,CHI,reb,0,False,False,,Thompson REBOUND (Off:1 Def:5),57-51,57,51
0022100969,2022-03-07,PHI,CHI,22.95,2,1,3,CHI,CHI,fg_miss,72,True,False,,MISS Thompson 3' Putback Layup,57-51,57,51
0022100969,2022-03-07,PHI,CHI,22.95,2,1,3,CHI,PHI,block,72,True,False,block,block,57-51,57,51
0022100969,2022-03-07,PHI,CHI,22.95,2,1,3,PHI,PHI,reb,0,False,False,Green REBOUND (Off:0 Def:3),,57-51,57,51
0022100969,2022-03-07,PHI,CHI,23.03,2,0,58,PHI,PHI,fg3_miss,79,False,False,MISS Embiid 26' 3PT Pullup Jump Shot,,57-51,57,51
0022100969,2022-03-07,PHI,CHI,23.07,2,0,56,CHI,CHI,reb,0,False,False,,DeRozan REBOUND (Off:2 Def:3),57-51,57,51
0022100969,2022-03-07,PHI,CHI,23.12,2,0,53,CHI,PHI,foul,28,False,False,Harris Personal Take Foul (P2.PN) (S.Foster),,57-51,57,51
0022100969,2022-03-07,PHI,CHI,23.12,2,0,53,CHI,CHI,ft_make,11,False,False,,DeRozan Free Throw 1 of 2 (14 PTS),57-52,57,52
0022100969,2022-03-07,PHI,CHI,23.12,2,0,53,CHI,CHI,ft_make,12,False,False,,DeRozan Free Throw 2 of 2 (15 PTS),57-53,57,53
0022100969,2022-03-07,PHI,CHI,23.37,2,0,38,PHI,PHI,fg3_miss,1,False,False,MISS Harris 3PT Jump Shot,,57-53,57,53
0022100969,2022-03-07,PHI,CHI,23.42,2,0,35,CHI,CHI,reb,0,False,False,,DeRozan REBOUND (Off:2 Def:4),57-53,57,53
0022100969,2022-03-07,PHI,CHI,23.48,2,0,31,CHI,CHI,fg_miss,63,False,False,,MISS DeRozan 8' Fadeaway Jumper,57-53,57,53
0022100969,2022-03-07,PHI,CHI,23.53,2,0,28,PHI,PHI,reb,0,False,False,Harden REBOUND (Off:0 Def:2),,57-53,57,53
0022100969,2022-03-07,PHI,CHI,23.9,2,0,6,PHI,PHI,fg_make,79,False,False,Embiid 8' Pullup Jump Shot (19 PTS) (Harden 6 AST),,59-53,59,53
0022100969,2022-03-07,PHI,CHI,23.98,2,0,1,CHI,CHI,fg3_miss,1,False,False,,MISS Dosunmu 27' 3PT Jump Shot,59-53,59,53
0022100969,2022-03-07,PHI,CHI,23.98,2,0,1,CHI,CHI,reb,0,False,False,,Bulls Rebound,59-53,59,53
0022100969,2022-03-07,PHI,CHI,24.0,2,0,0,CHI,,period_end,0,False,False,,,59-53,59,53
0022100969,2022-03-07,PHI,CHI,24.0,3,12,0,CHI,,period_start,0,False,False,,,59-53,59,53
0022100969,2022-03-07,PHI,CHI,24.3,3,11,42,CHI,CHI,fg_miss,3,False,False,,MISS Thompson 7' Hook Shot,59-53,59,53
0022100969,2022-03-07,PHI,CHI,24.33,3,11,40,PHI,PHI,reb,0,False,False,Harden REBOUND (Off:0 Def:3),,59-53,59,53
0022100969,2022-03-07,PHI,CHI,24.47,3,11,32,PHI,CHI,foul,2,False,False,,Thompson S.FOUL (P3.T1) (E.Dalen),59-53,59,53
0022100969,2022-03-07,PHI,CHI,24.47,3,11,32,PHI,PHI,ft_make,11,False,False,Embiid Free Throw 1 of 2 (20 PTS),,60-53,60,53
0022100969,2022-03-07,PHI,CHI,24.47,3,11,32,PHI,PHI,ft_make,12,False,False,Embiid Free Throw 2 of 2 (21 PTS),,61-53,61,53
0022100969,2022-03-07,PHI,CHI,24.67,3,11,20,CHI,CHI,tov,39,False,False,,LaVine Step Out of Bounds Turnover (P3.T8),61-53,61,53
0022100969,2022-03-07,PHI,CHI,24.87,3,11,8,PHI,PHI,fg_make,75,False,False,Maxey 1' Driving Finger Roll Layup (4 PTS) (Harden 7 AST),,63-53,63,53
0022100969,2022-03-07,PHI,CHI,24.87,3,11,8,CHI,CHI,timeout,1,False,False,,Bulls Timeout: Regular (Reg.3 Short 0),63-53,63,53
0022100969,2022-03-07,PHI,CHI,25.13,3,10,52,CHI,CHI,fg3_make,1,False,False,,LaVine 27' 3PT Jump Shot (11 PTS),63-56,63,56
0022100969,2022-03-07,PHI,CHI,25.45,3,10,33,PHI,PHI,fg3_miss,1,False,False,MISS Maxey 25' 3PT Jump Shot,,63-56,63,56
0022100969,2022-03-07,PHI,CHI,25.48,3,10,31,CHI,CHI,reb,0,False,False,,LaVine REBOUND (Off:0 Def:6),63-56,63,56
0022100969,2022-03-07,PHI,CHI,25.62,3,10,23,CHI,CHI,fg3_make,1,False,False,,LaVine 26' 3PT Jump Shot (14 PTS),63-59,63,59
0022100969,2022-03-07,PHI,CHI,25.97,3,10,2,PHI,PHI,fg3_make,1,False,False,Thybulle 25' 3PT Jump Shot (8 PTS) (Harden 8 AST),,66-59,66,59
0022100969,2022-03-07,PHI,CHI,26.33,3,9,40,CHI,CHI,fg3_miss,1,False,False,,MISS DeRozan 3PT Jump Shot,66-59,66,59
0022100969,2022-03-07,PHI,CHI,26.4,3,9,36,CHI,CHI,reb,0,False,False,,Thompson REBOUND (Off:2 Def:5),66-59,66,59
0022100969,2022-03-07,PHI,CHI,26.5,3,9,30,CHI,CHI,fg_miss,101,False,False,,MISS Dosunmu 7' Driving Floating Jump Shot,66-59,66,59
0022100969,2022-03-07,PHI,CHI,26.55,3,9,27,PHI,PHI,reb,0,False,False,Embiid REBOUND (Off:0 Def:6),,66-59,66,59
0022100969,2022-03-07,PHI,CHI,26.78,3,9,13,PHI,PHI,fg_miss,101,False,False,MISS Harden 8' Driving Floating Jump Shot,,66-59,66,59
0022100969,2022-03-07,PHI,CHI,26.83,3,9,10,PHI,PHI,reb,0,False,False,Embiid REBOUND (Off:1 Def:6),,66-59,66,59
0022100969,2022-03-07,PHI,CHI,26.83,3,9,10,PHI,PHI,fg_make,97,False,False,Embiid Tip Layup Shot (23 PTS),,68-59,68,59
0022100969,2022-03-07,PHI,CHI,27.07,3,8,56,CHI,CHI,fg_make,3,False,False,,Thompson 6' Hook Shot (6 PTS) (LaVine 3 AST),68-61,68,61
0022100969,2022-03-07,PHI,CHI,27.32,3,8,41,PHI,CHI,foul,2,False,False,,DeRozan S.FOUL (P3.T2) (J.Sterling),68-61,68,61
0022100969,2022-03-07,PHI,CHI,27.32,3,8,41,PHI,PHI,ft_make,11,False,False,Harden Free Throw 1 of 2 (12 PTS),,69-61,69,61
0022100969,2022-03-07,PHI,CHI,27.32,3,8,41,PHI,PHI,ft_miss,12,False,False,MISS Harden Free Throw 2 of 2,,69-61,69,61
0022100969,2022-03-07,PHI,CHI,27.35,3,8,39,CHI,CHI,reb,0,False,False,,Thompson REBOUND (Off:2 Def:6),69-61,69,61
0022100969,2022-03-07,PHI,CHI,27.57,3,8,26,CHI,CHI,fg3_miss,1,False,False,,MISS Green 25' 3PT Jump Shot,69-61,69,61
0022100969,2022-03-07,PHI,CHI,27.62,3,8,23,PHI,PHI,reb,0,False,False,Embiid REBOUND (Off:1 Def:7),,69-61,69,61
0022100969,2022-03-07,PHI,CHI,27.75,3,8,15,PHI,PHI,fg_make,3,False,False,Embiid 3' Hook Shot (25 PTS),,71-61,71,61
0022100969,2022-03-07,PHI,CHI,28.12,3,7,53,CHI,CHI,fg_miss,6,False,False,,MISS LaVine 3' Driving Layup,71-61,71,61
0022100969,2022-03-07,PHI,CHI,28.15,3,7,51,PHI,PHI,reb,0,False,False,Harden REBOUND (Off:0 Def:4),,71-61,71,61
0022100969,2022-03-07,PHI,CHI,28.27,3,7,44,PHI,PHI,fg_miss,5,False,False,MISS Embiid 1' Layup,,71-61,71,61
0022100969,2022-03-07,PHI,CHI,28.33,3,7,40,PHI,PHI,reb,0,False,False,Embiid REBOUND (Off:2 Def:7),,73-61,73,61
0022100969,2022-03-07,PHI,CHI,28.33,3,7,40,PHI,PHI,fg_make,97,False,False,Embiid Tip Layup Shot (27 PTS),,73-61,73,61
0022100969,2022-03-07,PHI,CHI,28.7,3,7,18,CHI,CHI,tov,1,False,False,,LaVine Bad Pass Turnover (P4.T9),73-61,73,61
0022100969,2022-03-07,PHI,CHI,28.7,3,7,18,PHI,CHI,foul,3,False,False,,Green L.B.FOUL (P3.T3) (E.Dalen),73-61,73,61
0022100969,2022-03-07,PHI,CHI,28.93,3,7,4,,PHI,jump_ball,0,False,False,Jump Ball Embiid vs. Dosunmu: Tip to Maxey,,73-61,73,61
0022100969,2022-03-07,PHI,CHI,29.07,3,6,56,PHI,PHI,fg_make,7,False,False,Thybulle 1' Dunk (10 PTS) (Harden 9 AST),,75-61,75,61
0022100969,2022-03-07,PHI,CHI,29.33,3,6,40,CHI,CHI,tov,45,False,False,,Dosunmu Out of Bounds - Bad Pass Turnover Turnover (P2.T10),75-61,75,61
0022100969,2022-03-07,PHI,CHI,29.48,3,6,31,PHI,PHI,fg_make,108,False,False,Embiid 1' Cutting Dunk Shot (29 PTS) (Harden 10 AST),,77-61,77,61
0022100969,2022-03-07,PHI,CHI,29.83,3,6,10,CHI,CHI,fg3_miss,1,False,False,,MISS White 3PT Jump Shot,77-61,77,61
0022100969,2022-03-07,PHI,CHI,29.87,3,6,8,PHI,PHI,reb,0,False,False,Embiid REBOUND (Off:2 Def:8),,77-61,77,61
0022100969,2022-03-07,PHI,CHI,30.02,3,5,59,PHI,PHI,fg3_miss,1,False,False,MISS Harris 26' 3PT Jump Shot,,77-61,77,61
0022100969,2022-03-07,PHI,CHI,30.05,3,5,57,PHI,PHI,reb,0,False,False,76ERS Rebound,,77-61,77,61
0022100969,2022-03-07,PHI,CHI,30.05,3,5,57,PHI,CHI,foul,3,False,False,,Thompson L.B.FOUL (P4.T4) (S.Foster),77-61,77,61
0022100969,2022-03-07,PHI,CHI,30.08,3,5,55,PHI,CHI,foul,1,False,False,,Thompson P.FOUL (P5.PN) (E.Dalen),77-61,77,61
0022100969,2022-03-07,PHI,CHI,30.08,3,5,55,PHI,PHI,ft_make,11,False,False,Embiid Free Throw 1 of 2 (30 PTS),,78-61,78,61
0022100969,2022-03-07,PHI,CHI,30.08,3,5,55,PHI,PHI,ft_miss,12,False,False,MISS Embiid Free Throw 2 of 2,,78-61,78,61
0022100969,2022-03-07,PHI,CHI,30.12,3,5,53,CHI,CHI,reb,0,False,False,,Bradley REBOUND (Off:0 Def:1),78-61,78,61
0022100969,2022-03-07,PHI,CHI,30.32,3,5,41,CHI,PHI,foul,2,False,False,Embiid S.FOUL (P1.T1) (E.Dalen),,78-61,78,61
0022100969,2022-03-07,PHI,CHI,30.32,3,5,41,CHI,CHI,ft_make,11,False,False,,DeRozan Free Throw 1 of 2 (16 PTS),78-62,78,62
0022100969,2022-03-07,PHI,CHI,30.32,3,5,41,CHI,CHI,ft_make,12,False,False,,DeRozan Free Throw 2 of 2 (17 PTS),78-63,78,63
0022100969,2022-03-07,PHI,CHI,30.5,3,5,30,PHI,PHI,tov,4,False,False,Embiid Traveling Turnover (P2.T7),,78-63,78,63
0022100969,2022-03-07,PHI,CHI,30.5,3,5,30,CHI,CHI,timeout,1,False,False,,Bulls Timeout: Regular (Reg.4 Short 0),78-63,78,63
0022100969,2022-03-07,PHI,CHI,30.7,3,5,18,CHI,PHI,foul,2,False,False,Thybulle S.FOUL (P4.T2) (J.Sterling),,78-63,78,63
0022100969,2022-03-07,PHI,CHI,30.7,3,5,18,CHI,CHI,ft_miss,11,False,False,,MISS LaVine Free Throw 1 of 2,78-63,78,63
0022100969,2022-03-07,PHI,CHI,30.7,3,5,18,CHI,CHI,reb,1,False,False,,Bulls Rebound,78-63,78,63
0022100969,2022-03-07,PHI,CHI,30.7,3,5,18,CHI,CHI,ft_make,12,False,False,,LaVine Free Throw 2 of 2 (15 PTS),78-64,78,64
0022100969,2022-03-07,PHI,CHI,31.08,3,4,55,PHI,PHI,fg_miss,101,False,False,MISS Maxey 9' Driving Floating Jump Shot,,78-64,78,64
0022100969,2022-03-07,PHI,CHI,31.15,3,4,51,CHI,CHI,reb,0,False,False,,DeRozan REBOUND (Off:2 Def:5),78-64,78,64
0022100969,2022-03-07,PHI,CHI,31.2,3,4,48,CHI,CHI,fg_make,76,False,False,,Dosunmu 1' Running Finger Roll Layup (11 PTS) (DeRozan 5 AST),78-66,78,66
0022100969,2022-03-07,PHI,CHI,31.52,3,4,29,PHI,PHI,fg_miss,71,False,False,MISS Embiid 2' Finger Roll Layup,,78-66,78,66
0022100969,2022-03-07,PHI,CHI,31.53,3,4,28,CHI,CHI,reb,0,False,False,,DeRozan REBOUND (Off:2 Def:6),78-66,78,66
0022100969,2022-03-07,PHI,CHI,31.72,3,4,17,CHI,CHI,fg3_miss,1,False,False,,MISS Dosunmu 25' 3PT Jump Shot,78-66,78,66
0022100969,2022-03-07,PHI,CHI,31.75,3,4,15,PHI,PHI,reb,0,False,False,Harris REBOUND (Off:1 Def:1),,78-66,78,66
0022100969,2022-03-07,PHI,CHI,32.03,3,3,58,PHI,PHI,fg_make,6,False,False,Embiid 1' Driving Layup (32 PTS) (Maxey 4 AST),,80-66,80,66
0022100969,2022-03-07,PHI,CHI,32.03,3,3,58,PHI,CHI,violation,2,False,False,,Bradley Violation:Defensive Goaltending (S.Foster),80-66,80,66
0022100969,2022-03-07,PHI,CHI,32.27,3,3,44,CHI,CHI,tov,45,False,False,,LaVine Out of Bounds - Bad Pass Turnover Turnover (P5.T11),80-66,80,66
0022100969,2022-03-07,PHI,CHI,32.58,3,3,25,PHI,PHI,fg_miss,6,False,False,MISS Harris 4' Driving Layup,,80-66,80,66
0022100969,2022-03-07,PHI,CHI,32.67,3,3,20,CHI,CHI,reb,0,False,False,,DeRozan REBOUND (Off:2 Def:7),80-66,80,66
0022100969,2022-03-07,PHI,CHI,32.7,3,3,18,CHI,PHI,foul,2,False,False,Harris S.FOUL (P3.T3) (E.Dalen),,80-66,80,66
0022100969,2022-03-07,PHI,CHI,32.7,3,3,18,CHI,CHI,ft_make,11,False,False,,DeRozan Free Throw 1 of 2 (18 PTS),80-67,80,67
0022100969,2022-03-07,PHI,CHI,32.7,3,3,18,CHI,CHI,ft_make,12,False,False,,DeRozan Free Throw 2 of 2 (19 PTS),80-68,80,68
0022100969,2022-03-07,PHI,CHI,33.05,3,2,57,PHI,PHI,fg_make,9,False,False,Harris Driving Dunk (8 PTS),,82-68,82,68
0022100969,2022-03-07,PHI,CHI,33.05,3,2,57,PHI,CHI,foul,2,False,False,,Jones Jr. S.FOUL (P2.PN) (E.Dalen),82-68,82,68
0022100969,2022-03-07,PHI,CHI,33.05,3,2,57,PHI,PHI,ft_miss,10,False,False,MISS Harris Free Throw 1 of 1,,82-68,82,68
0022100969,2022-03-07,PHI,CHI,33.05,3,2,57,CHI,CHI,reb,0,False,False,,Jones Jr. REBOUND (Off:3 Def:2),82-68,82,68
0022100969,2022-03-07,PHI,CHI,33.33,3,2,40,CHI,CHI,fg_make,79,False,False,,White 3' Pullup Jump Shot (7 PTS),82-70,82,70
0022100969,2022-03-07,PHI,CHI,33.55,3,2,27,PHI,PHI,fg_make,71,False,False,Embiid 1' Finger Roll Layup (34 PTS) (Niang 1 AST),,84-70,84,70
0022100969,2022-03-07,PHI,CHI,34.03,3,1,58,CHI,CHI,fg_make,6,False,False,,Jones Jr. 4' Driving Layup (6 PTS) (LaVine 4 AST),84-72,84,72
0022100969,2022-03-07,PHI,CHI,34.13,3,1,52,PHI,PHI,timeout,1,False,False,76ERS Timeout: Regular (Full 3 Short 0),,84-72,84,72
0022100969,2022-03-07,PHI,CHI,34.17,3,1,50,PHI,PHI,fg3_miss,1,False,False,MISS Harris 26' 3PT Jump Shot,,84-72,84,72
0022100969,2022-03-07,PHI,CHI,34.25,3,1,45,CHI,CHI,reb,0,False,False,,White REBOUND (Off:1 Def:1),84-72,84,72
0022100969,2022-03-07,PHI,CHI,34.35,3,1,39,CHI,CHI,fg_make,79,False,False,,White 17' Pullup Jump Shot (9 PTS),84-74,84,74
0022100969,2022-03-07,PHI,CHI,34.68,3,1,19,PHI,CHI,foul,2,False,False,,Jones Jr. S.FOUL (P3.PN) (S.Foster),84-74,84,74
0022100969,2022-03-07,PHI,CHI,34.68,3,1,19,PHI,PHI,ft_make,11,False,False,Embiid Free Throw 1 of 2 (35 PTS),,85-74,85,74
0022100969,2022-03-07,PHI,CHI,34.68,3,1,19,PHI,PHI,ft_make,12,False,False,Embiid Free Throw 2 of 2 (36 PTS),,86-74,86,74
0022100969,2022-03-07,PHI,CHI,34.9,3,1,6,CHI,CHI,fg_miss,79,False,False,,MISS DeRozan 19' Pullup Jump Shot,86-74,86,74
0022100969,2022-03-07,PHI,CHI,34.92,3,1,5,PHI,PHI,reb,0,False,False,Embiid REBOUND (Off:2 Def:9),,86-74,86,74
0022100969,2022-03-07,PHI,CHI,35.07,3,0,56,PHI,PHI,fg_make,5,False,False,Embiid 3' Layup (38 PTS) (Niang 2 AST),,88-74,88,74
0022100969,2022-03-07,PHI,CHI,35.27,3,0,44,CHI,CHI,fg_miss,6,False,False,,MISS Green 4' Driving Layup,88-74,88,74
0022100969,2022-03-07,PHI,CHI,35.32,3,0,41,CHI,CHI,reb,0,False,False,,LaVine REBOUND (Off:1 Def:6),88-74,88,74
0022100969,2022-03-07,PHI,CHI,35.35,3,0,39,CHI,CHI,fg3_miss,1,False,False,,MISS LaVine 28' 3PT Jump Shot,88-74,88,74
0022100969,2022-03-07,PHI,CHI,35.4,3,0,36,PHI,PHI,reb,0,False,False,Harden REBOUND (Off:0 Def:5),,88-74,88,74
0022100969,2022-03-07,PHI,CHI,35.48,3,0,31,PHI,PHI,fg3_miss,80,False,False,MISS Harden 27' 3PT Step Back Jump Shot,,88-74,88,74
0022100969,2022-03-07,PHI,CHI,35.55,3,0,27,CHI,CHI,reb,0,False,False,,White REBOUND (Off:1 Def:2),88-74,88,74
0022100969,2022-03-07,PHI,CHI,35.63,3,0,22,CHI,CHI,fg3_make,1,False,False,,White 24' 3PT Jump Shot (12 PTS) (LaVine 5 AST),88-77,88,77
0022100969,2022-03-07,PHI,CHI,35.98,3,0,1,PHI,PHI,fg_miss,86,False,False,MISS Embiid 11' Turnaround Fadeaway Shot,,88-77,88,77
0022100969,2022-03-07,PHI,CHI,35.98,3,0,1,CHI,CHI,reb,0,False,False,,DeRozan REBOUND (Off:2 Def:8),88-77,88,77
0022100969,2022-03-07,PHI,CHI,36.0,3,0,0,CHI,,period_end,0,False,False,,,88-77,88,77
0022100969,2022-03-07,PHI,CHI,36.0,4,12,0,CHI,,period_start,0,False,False,,,88-77,88,77
0022100969,2022-03-07,PHI,CHI,36.22,4,11,47,PHI,PHI,fg_miss,57,False,False,MISS Harden 6' Driving Hook Shot,,88-77,88,77
0022100969,2022-03-07,PHI,CHI,36.32,4,11,41,PHI,PHI,reb,0,False,False,Harden REBOUND (Off:1 Def:5),,88-77,88,77
0022100969,2022-03-07,PHI,CHI,36.32,4,11,41,PHI,PHI,fg_make,72,False,False,Harden Putback Layup (14 PTS),,90-77,90,77
0022100969,2022-03-07,PHI,CHI,36.53,4,11,28,CHI,CHI,fg_make,79,False,False,,DeRozan 19' Pullup Jump Shot (21 PTS) (Dosunmu 4 AST),90-79,90,79
0022100969,2022-03-07,PHI,CHI,36.78,4,11,13,PHI,PHI,fg_miss,6,True,False,MISS Harden 3' Driving Layup,,90-79,90,79
0022100969,2022-03-07,PHI,CHI,36.78,4,11,13,PHI,CHI,block,6,True,False,block,block,90-79,90,79
0022100969,2022-03-07,PHI,CHI,36.83,4,11,10,CHI,CHI,reb,0,False,False,,Green REBOUND (Off:3 Def:1),90-79,90,79
0022100969,2022-03-07,PHI,CHI,36.93,4,11,4,CHI,CHI,fg_make,99,False,False,,Jones Jr. 3' Cutting Finger Roll Layup Shot (8 PTS) (DeRozan 6 AST),90-81,90,81
0022100969,2022-03-07,PHI,CHI,37.3,4,10,42,PHI,PHI,fg3_miss,1,False,False,MISS Niang 26' 3PT Jump Shot,,90-81,90,81
0022100969,2022-03-07,PHI,CHI,37.33,4,10,40,CHI,CHI,reb,0,False,False,,Dosunmu REBOUND (Off:0 Def:3),90-81,90,81
0022100969,2022-03-07,PHI,CHI,37.42,4,10,35,CHI,PHI,foul,1,False,False,Niang P.FOUL (P1.T1) (S.Foster),,90-81,90,81
0022100969,2022-03-07,PHI,CHI,37.47,4,10,32,CHI,PHI,foul,2,False,False,Niang S.FOUL (P2.T2) (E.Dalen),,90-81,90,81
0022100969,2022-03-07,PHI,CHI,37.47,4,10,32,CHI,CHI,ft_make,11,False,False,,DeRozan Free Throw 1 of 2 (22 PTS),90-82,90,82
0022100969,2022-03-07,PHI,CHI,37.47,4,10,32,CHI,CHI,ft_make,12,False,False,,DeRozan Free Throw 2 of 2 (23 PTS),90-83,90,83
0022100969,2022-03-07,PHI,CHI,37.85,4,10,9,PHI,PHI,fg3_miss,1,False,False,MISS Joe 26' 3PT Jump Shot,,90-83,90,83
0022100969,2022-03-07,PHI,CHI,37.9,4,10,6,CHI,CHI,reb,0,False,False,,White REBOUND (Off:1 Def:3),90-83,90,83
0022100969,2022-03-07,PHI,CHI,37.97,4,10,2,CHI,CHI,fg_miss,76,False,False,,MISS Dosunmu 3' Running Finger Roll Layup,90-83,90,83
0022100969,2022-03-07,PHI,CHI,38.02,4,9,59,PHI,PHI,reb,0,False,False,Harden REBOUND (Off:1 Def:6),,90-83,90,83
0022100969,2022-03-07,PHI,CHI,38.1,4,9,54,PHI,PHI,tov,1,False,True,Niang Bad Pass Turnover (P2.T8),,90-83,90,83
0022100969,2022-03-07,PHI,CHI,38.1,4,9,54,PHI,CHI,steal,1,False,True,steal,steal,90-83,90,83
0022100969,2022-03-07,PHI,CHI,38.12,4,9,53,CHI,PHI,foul,28,False,False,Niang Personal Take Foul (P3.T3) (E.Dalen),,90-83,90,83
0022100969,2022-03-07,PHI,CHI,38.4,4,9,36,CHI,CHI,fg_miss,79,False,False,,MISS DeRozan 18' Pullup Jump Shot,90-83,90,83
0022100969,2022-03-07,PHI,CHI,38.45,4,9,33,PHI,PHI,reb,0,False,False,Harden REBOUND (Off:1 Def:7),,90-83,90,83
0022100969,2022-03-07,PHI,CHI,38.63,4,9,22,PHI,PHI,fg3_miss,1,False,False,MISS Joe 24' 3PT Jump Shot,,90-83,90,83
0022100969,2022-03-07,PHI,CHI,38.68,4,9,19,PHI,PHI,reb,0,False,False,Jordan REBOUND (Off:2 Def:1),,90-83,90,83
0022100969,2022-03-07,PHI,CHI,38.7,4,9,18,PHI,PHI,fg3_make,1,False,False,Niang 27' 3PT Jump Shot (11 PTS) (Jordan 2 AST),,93-83,93,83
0022100969,2022-03-07,PHI,CHI,39.02,4,8,59,CHI,CHI,fg_miss,98,True,False,,MISS Jones Jr. 8' Cutting Layup Shot,93-83,93,83
0022100969,2022-03-07,PHI,CHI,39.02,4,8,59,CHI,PHI,block,98,True,False,block,block,93-83,93,83
0022100969,2022-03-07,PHI,CHI,39.1,4,8,54,PHI,PHI,reb,0,False,False,Milton REBOUND (Off:0 Def:1),,93-83,93,83
0022100969,2022-03-07,PHI,CHI,39.13,4,8,52,PHI,PHI,fg_miss,41,True,False,MISS Harden 3' Running Layup,,93-83,93,83
0022100969,2022-03-07,PHI,CHI,39.13,4,8,52,PHI,CHI,block,41,True,False,block,block,93-83,93,83
0022100969,2022-03-07,PHI,CHI,39.13,4,8,52,CHI,CHI,reb,0,False,False,,Bulls Rebound,93-83,93,83
0022100969,2022-03-07,PHI,CHI,39.28,4,8,43,PHI,CHI,foul,4,False,False,,Jones Jr. OFF.Foul (P4) (S.Foster),93-83,93,83
0022100969,2022-03-07,PHI,CHI,39.28,4,8,43,CHI,CHI,tov,37,False,False,,Jones Jr. Offensive Foul Turnover (P2.T12),93-83,93,83
0022100969,2022-03-07,PHI,CHI,39.28,4,8,43,PHI,PHI,timeout,1,False,False,76ERS Timeout: Regular (Full 4 Short 0),,93-83,93,83
0022100969,2022-03-07,PHI,CHI,39.57,4,8,26,PHI,PHI,fg3_miss,1,True,False,MISS Niang 3PT Jump Shot,,93-83,93,83
0022100969,2022-03-07,PHI,CHI,39.57,4,8,26,PHI,CHI,block,1,True,False,block,block,93-83,93,83
0022100969,2022-03-07,PHI,CHI,39.57,4,8,26,PHI,PHI,reb,0,False,False,76ERS Rebound,,93-83,93,83
0022100969,2022-03-07,PHI,CHI,39.68,4,8,19,PHI,PHI,fg3_make,1,False,False,Niang 24' 3PT Jump Shot (14 PTS) (Harden 11 AST),,96-83,96,83
0022100969,2022-03-07,PHI,CHI,39.92,4,8,5,CHI,PHI,foul,2,False,False,Niang S.FOUL (P4.T4) (S.Foster),,96-83,96,83
0022100969,2022-03-07,PHI,CHI,39.92,4,8,5,CHI,CHI,ft_make,11,False,False,,White Free Throw 1 of 2 (13 PTS),96-84,96,84
0022100969,2022-03-07,PHI,CHI,39.92,4,8,5,CHI,CHI,ft_make,12,False,False,,White Free Throw 2 of 2 (14 PTS),96-85,96,85
0022100969,2022-03-07,PHI,CHI,40.18,4,7,49,PHI,PHI,fg_make,6,False,False,Harden 1' Driving Layup (16 PTS),,98-85,98,85
0022100969,2022-03-07,PHI,CHI,40.4,4,7,36,CHI,CHI,fg3_make,80,False,False,,LaVine 27' 3PT Step Back Jump Shot (18 PTS),98-88,98,88
0022100969,2022-03-07,PHI,CHI,40.73,4,7,16,PHI,PHI,fg3_make,1,False,False,Joe 3PT Jump Shot (3 PTS) (Harden 12 AST),,101-88,101,88
0022100969,2022-03-07,PHI,CHI,40.88,4,7,7,CHI,PHI,foul,2,False,False,Jordan S.FOUL (P1.PN) (J.Sterling),,101-88,101,88
0022100969,2022-03-07,PHI,CHI,40.88,4,7,7,CHI,CHI,ft_miss,11,False,False,,MISS LaVine Free Throw 1 of 2,101-88,101,88
0022100969,2022-03-07,PHI,CHI,40.88,4,7,7,CHI,CHI,reb,1,False,False,,Bulls Rebound,101-88,101,88
0022100969,2022-03-07,PHI,CHI,40.88,4,7,7,CHI,CHI,ft_make,12,False,False,,LaVine Free Throw 2 of 2 (19 PTS),101-89,101,89
0022100969,2022-03-07,PHI,CHI,41.13,4,6,52,PHI,PHI,fg_miss,1,False,False,MISS Embiid 9' Jump Shot,,101-89,101,89
0022100969,2022-03-07,PHI,CHI,41.2,4,6,48,CHI,CHI,reb,0,False,False,,DeRozan REBOUND (Off:2 Def:9),101-89,101,89
0022100969,2022-03-07,PHI,CHI,41.3,4,6,42,CHI,CHI,fg3_miss,1,False,False,,MISS White 25' 3PT Jump Shot,101-89,101,89
0022100969,2022-03-07,PHI,CHI,41.37,4,6,38,CHI,CHI,reb,0,False,False,,LaVine REBOUND (Off:2 Def:6),101-89,101,89
0022100969,2022-03-07,PHI,CHI,41.38,4,6,37,CHI,CHI,fg_miss,3,True,False,,MISS LaVine 6' Hook Shot,101-89,101,89
0022100969,2022-03-07,PHI,CHI,41.38,4,6,37,CHI,PHI,block,3,True,False,block,block,101-89,101,89
0022100969,2022-03-07,PHI,CHI,41.43,4,6,34,PHI,PHI,reb,0,False,False,Maxey REBOUND (Off:0 Def:1),,101-89,101,89
0022100969,2022-03-07,PHI,CHI,41.48,4,6,31,PHI,PHI,fg3_miss,1,False,False,MISS Niang 27' 3PT Jump Shot,,101-89,101,89
0022100969,2022-03-07,PHI,CHI,41.57,4,6,26,CHI,CHI,reb,0,False,False,,Jones Jr. REBOUND (Off:3 Def:3),101-89,101,89
0022100969,2022-03-07,PHI,CHI,41.7,4,6,18,CHI,PHI,foul,2,False,False,Embiid S.FOUL (P2.PN) (S.Foster),,101-89,101,89
0022100969,2022-03-07,PHI,CHI,41.7,4,6,18,CHI,CHI,ft_miss,11,False,False,,MISS Thompson Free Throw 1 of 2,101-89,101,89
0022100969,2022-03-07,PHI,CHI,41.7,4,6,18,CHI,CHI,reb,1,False,False,,Bulls Rebound,101-89,101,89
0022100969,2022-03-07,PHI,CHI,41.7,4,6,18,CHI,CHI,ft_make,12,False,False,,Thompson Free Throw 2 of 2 (7 PTS),101-90,101,90
0022100969,2022-03-07,PHI,CHI,41.98,4,6,1,PHI,PHI,fg_make,9,False,False,Embiid Driving Dunk (40 PTS),,103-90,103,90
0022100969,2022-03-07,PHI,CHI,42.18,4,5,49,CHI,CHI,fg_miss,79,False,False,,MISS LaVine 23' Pullup Jump Shot,103-90,103,90
0022100969,2022-03-07,PHI,CHI,42.23,4,5,46,PHI,PHI,reb,0,False,False,Embiid REBOUND (Off:2 Def:10),,103-90,103,90
0022100969,2022-03-07,PHI,CHI,42.25,4,5,45,PHI,PHI,tov,1,False,True,Maxey Bad Pass Turnover (P1.T9),,103-90,103,90
0022100969,2022-03-07,PHI,CHI,42.25,4,5,45,PHI,CHI,steal,1,False,True,steal,steal,103-90,103,90
0022100969,2022-03-07,PHI,CHI,42.38,4,5,37,CHI,PHI,foul,1,False,False,Harden P.FOUL (P3.PN) (S.Foster),,103-90,103,90
0022100969,2022-03-07,PHI,CHI,42.38,4,5,37,CHI,CHI,ft_miss,11,False,False,,MISS LaVine Free Throw 1 of 2,103-90,103,90
0022100969,2022-03-07,PHI,CHI,42.38,4,5,37,CHI,CHI,reb,1,False,False,,Bulls Rebound,103-90,103,90
0022100969,2022-03-07,PHI,CHI,42.38,4,5,37,CHI,CHI,ft_make,12,False,False,,LaVine Free Throw 2 of 2 (20 PTS),103-91,103,91
0022100969,2022-03-07,PHI,CHI,42.5,4,5,30,PHI,PHI,fg_make,79,False,False,Embiid 12' Pullup Jump Shot (42 PTS) (Harden 13 AST),,105-91,105,91
0022100969,2022-03-07,PHI,CHI,42.68,4,5,19,CHI,CHI,tov,2,False,True,,DeRozan Lost Ball Turnover (P3.T13),105-91,105,91
0022100969,2022-03-07,PHI,CHI,42.68,4,5,19,CHI,PHI,steal,2,False,True,steal,steal,105-91,105,91
0022100969,2022-03-07,PHI,CHI,42.73,4,5,16,PHI,PHI,fg_make,74,False,False,Maxey 1' Running Reverse Layup (6 PTS),,107-91,107,91
0022100969,2022-03-07,PHI,CHI,42.73,4,5,16,PHI,CHI,foul,2,False,False,,White S.FOUL (P1.T1) (S.Foster),107-91,107,91
0022100969,2022-03-07,PHI,CHI,42.73,4,5,16,CHI,CHI,timeout,1,False,False,,Bulls Timeout: Regular (Reg.5 Short 0),107-91,107,91
0022100969,2022-03-07,PHI,CHI,42.73,4,5,16,CHI,PHI,ft_make,10,False,False,Maxey Free Throw 1 of 1 (7 PTS),,108-91,108,91
0022100969,2022-03-07,PHI,CHI,43.02,4,4,59,CHI,CHI,fg3_make,1,False,False,,White 28' 3PT Jump Shot (17 PTS) (DeRozan 7 AST),108-94,108,94
0022100969,2022-03-07,PHI,CHI,43.35,4,4,39,PHI,PHI,fg3_make,1,False,False,Maxey 24' 3PT Jump Shot (10 PTS) (Harris 3 AST),,111-94,111,94
0022100969,2022-03-07,PHI,CHI,43.65,4,4,21,CHI,CHI,fg_make,6,False,False,,White 3' Driving Layup (19 PTS),111-96,111,96
0022100969,2022-03-07,PHI,CHI,43.92,4,4,5,PHI,PHI,fg_miss,78,False,False,MISS Embiid 8' Floating Jump Shot,,111-96,111,96
0022100969,2022-03-07,PHI,CHI,44.0,4,4,0,PHI,PHI,reb,0,False,False,Embiid REBOUND (Off:3 Def:10),,111-96,111,96
0022100969,2022-03-07,PHI,CHI,44.0,4,4,0,PHI,PHI,fg_miss,97,False,False,MISS Embiid Tip Layup Shot,,111-96,111,96
0022100969,2022-03-07,PHI,CHI,44.02,4,3,59,CHI,CHI,reb,0,False,False,,Thompson REBOUND (Off:2 Def:7),111-96,111,96
0022100969,2022-03-07,PHI,CHI,44.05,4,3,57,PHI,PHI,timeout,7,False,False,76ERS Timeout: Coach Challenge (Full 4 Short 0),,111-96,111,96
0022100969,2022-03-07,PHI,CHI,44.05,4,3,57,CHI,CHI,fg_miss,6,True,False,,MISS LaVine 11' Driving Layup,111-96,111,96
0022100969,2022-03-07,PHI,CHI,44.05,4,3,57,CHI,PHI,block,6,True,False,block,block,111-96,111,96
0022100969,2022-03-07,PHI,CHI,44.1,4,3,54,,PHI,jump_ball,0,False,False,Jump Ball Embiid vs. Thompson: Tip to LaVine,,111-96,111,96
0022100969,2022-03-07,PHI,CHI,44.1,4,3,54,CHI,CHI,reb,0,False,False,,Bulls Rebound,111-96,111,96
0022100969,2022-03-07,PHI,CHI,44.15,4,3,51,CHI,PHI,foul,2,False,False,Maxey S.FOUL (P2.PN) (J.Sterling),,111-96,111,96
0022100969,2022-03-07,PHI,CHI,44.15,4,3,51,CHI,CHI,ft_make,11,False,False,,LaVine Free Throw 1 of 2 (21 PTS),111-97,111,97
0022100969,2022-03-07,PHI,CHI,44.15,4,3,51,CHI,CHI,ft_make,12,False,False,,LaVine Free Throw 2 of 2 (22 PTS),111-98,111,98
0022100969,2022-03-07,PHI,CHI,44.53,4,3,28,PHI,PHI,fg3_miss,80,False,False,MISS Harden 27' 3PT Step Back Jump Shot,,111-98,111,98
0022100969,2022-03-07,PHI,CHI,44.6,4,3,24,PHI,PHI,reb,0,False,False,Harris REBOUND (Off:2 Def:1),,111-98,111,98
0022100969,2022-03-07,PHI,CHI,44.7,4,3,18,PHI,CHI,foul,2,False,False,,LaVine S.FOUL (P3.T2) (J.Sterling),111-98,111,98
0022100969,2022-03-07,PHI,CHI,44.7,4,3,18,PHI,PHI,ft_miss,11,False,False,MISS Embiid Free Throw 1 of 2,,111-98,111,98
0022100969,2022-03-07,PHI,CHI,44.7,4,3,18,PHI,PHI,reb,1,False,False,76ERS Rebound,,111-98,111,98
0022100969,2022-03-07,PHI,CHI,44.7,4,3,18,PHI,PHI,ft_make,12,False,False,Embiid Free Throw 2 of 2 (43 PTS),,112-98,112,98
0022100969,2022-03-07,PHI,CHI,44.82,4,3,11,CHI,CHI,fg_make,75,False,False,,LaVine 3' Driving Finger Roll Layup (24 PTS) (DeRozan 8 AST),112-100,112,100
0022100969,2022-03-07,PHI,CHI,44.9,4,3,6,PHI,PHI,timeout,1,False,False,76ERS Timeout: Regular (Full 5 Short 0),,112-100,112,100
0022100969,2022-03-07,PHI,CHI,45.13,4,2,52,PHI,PHI,fg_miss,63,False,False,MISS Embiid 18' Fadeaway Jumper,,112-100,112,100
0022100969,2022-03-07,PHI,CHI,45.18,4,2,49,CHI,CHI,reb,0,False,False,,Green REBOUND (Off:3 Def:2),112-100,112,100
0022100969,2022-03-07,PHI,CHI,45.28,4,2,43,CHI,CHI,fg_miss,79,False,False,,MISS DeRozan 14' Pullup Jump Shot,112-100,112,100
0022100969,2022-03-07,PHI,CHI,45.38,4,2,37,CHI,CHI,reb,0,False,False,,Green REBOUND (Off:4 Def:2),112-100,112,100
0022100969,2022-03-07,PHI,CHI,45.4,4,2,36,CHI,CHI,fg_make,7,False,False,,Thompson 2' Dunk (9 PTS) (Green 2 AST),112-102,112,102
0022100969,2022-03-07,PHI,CHI,45.67,4,2,20,PHI,PHI,fg_miss,101,False,False,MISS Maxey 5' Driving Floating Jump Shot,,112-102,112,102
0022100969,2022-03-07,PHI,CHI,45.67,4,2,20,PHI,PHI,reb,0,False,False,76ERS Rebound,,112-102,112,102
0022100969,2022-03-07,PHI,CHI,45.73,4,2,16,PHI,PHI,fg_make,5,False,False,Maxey 2' Layup (12 PTS) (Embiid 2 AST),,114-102,114,102
0022100969,2022-03-07,PHI,CHI,45.93,4,2,4,CHI,CHI,fg_make,5,False,False,,Thompson 2' Layup (11 PTS) (White 1 AST),114-104,114,104
0022100969,2022-03-07,PHI,CHI,46.15,4,1,51,PHI,PHI,fg_make,108,False,False,Thybulle 1' Cutting Dunk Shot (12 PTS) (Harden 14 AST),,116-104,116,104
0022100969,2022-03-07,PHI,CHI,46.35,4,1,39,CHI,CHI,fg_miss,80,False,False,,MISS White 22' Step Back Jump Shot,116-104,116,104
0022100969,2022-03-07,PHI,CHI,46.42,4,1,35,PHI,PHI,reb,0,False,False,Embiid REBOUND (Off:3 Def:11),,116-104,116,104
0022100969,2022-03-07,PHI,CHI,46.73,4,1,16,PHI,CHI,foul,2,False,False,,LaVine S.FOUL (P4.T3) (J.Sterling),116-104,116,104
0022100969,2022-03-07,PHI,CHI,46.73,4,1,16,PHI,PHI,ft_make,11,False,False,Maxey Free Throw 1 of 2 (13 PTS),,117-104,117,104
0022100969,2022-03-07,PHI,CHI,46.73,4,1,16,PHI,PHI,ft_make,12,False,False,Maxey Free Throw 2 of 2 (14 PTS),,118-104,118,104
0022100969,2022-03-07,PHI,CHI,46.97,4,1,2,CHI,CHI,fg3_miss,1,False,False,,MISS White 27' 3PT Jump Shot,118-104,118,104
0022100969,2022-03-07,PHI,CHI,47.03,4,0,58,PHI,PHI,reb,0,False,False,Joe REBOUND (Off:0 Def:1),,118-104,118,104
0022100969,2022-03-07,PHI,CHI,47.32,4,0,41,PHI,PHI,fg3_make,63,False,False,Maxey 24' 3PT Fadeaway Jumper (17 PTS) (Reed 1 AST),,121-104,121,104
0022100969,2022-03-07,PHI,CHI,47.52,4,0,29,CHI,CHI,fg_make,7,False,False,,Thompson 1' Dunk (13 PTS) (White 2 AST),121-106,121,106
0022100969,2022-03-07,PHI,CHI,47.8,4,0,12,PHI,PHI,tov,11,False,False,76ERS Turnover: Shot Clock (T#10),,121-106,121,106
0022100969,2022-03-07,PHI,CHI,48.0,4,0,0,PHI,,period_end,0,False,False,,,121-106,121,106
