game_id,date,home,vis,time,period,mins,secs,pos,team,event,event_deets,block,steal,home_desc,vis_desc,score,home_score,vis_score
0022100588,2022-01-07,DEN,SAC,0.0,1,12,0,,,period_start,0,False,False,,,0-0,0,0
0022100588,2022-01-07,DEN,SAC,0.0,1,12,0,,DEN,jump_ball,0,False,False,Jump Ball Jokic vs. Jones: Tip to Gordon,,0-0,0,0
0022100588,2022-01-07,DEN,SAC,0.3,1,11,42,DEN,DEN,fg_miss,5,False,False,MISS Jokic 4' Layup,,0-0,0,0
0022100588,2022-01-07,DEN,SAC,0.33,1,11,40,SAC,SAC,reb,0,False,False,,Fox REBOUND (Off:0 Def:1),0-0,0,0
0022100588,2022-01-07,DEN,SAC,0.4,1,11,36,SAC,DEN,foul,2,False,False,Green S.FOUL (P1.T1) (J.Schroeder),,0-0,0,0
0022100588,2022-01-07,DEN,SAC,0.4,1,11,36,SAC,SAC,ft_make,11,False,False,,Bagley III Free Throw 1 of 2 (1 PTS),0-1,0,1
0022100588,2022-01-07,DEN,SAC,0.4,1,11,36,SAC,SAC,ft_make,12,False,False,,Bagley III Free Throw 2 of 2 (2 PTS),0-2,0,2
0022100588,2022-01-07,DEN,SAC,0.63,1,11,22,DEN,DEN,fg3_make,1,False,False,Barton 25' 3PT Jump Shot (3 PTS),,3-2,3,2
0022100588,2022-01-07,DEN,SAC,1.12,1,10,53,SAC,SAC,fg_make,63,False,False,,Fox 16' Fadeaway Jumper (2 PTS),3-4,3,4
0022100588,2022-01-07,DEN,SAC,1.25,1,10,45,DEN,DEN,tov,45,False,False,Barton Out of Bounds - Bad Pass Turnover Turnover (P1.T1),,3-4,3,4
0022100588,2022-01-07,DEN,SAC,1.48,1,10,31,SAC,SAC,fg3_make,80,False,False,,Haliburton 25' 3PT Step Back Jump Shot (3 PTS),3-7,3,7
0022100588,2022-01-07,DEN,SAC,1.87,1,10,8,DEN,DEN,fg3_miss,1,False,False,MISS Barton 27' 3PT Jump Shot,,3-7,3,7
0022100588,2022-01-07,DEN,SAC,1.92,1,10,5,SAC,SAC,reb,0,False,False,,Jones REBOUND (Off:0 Def:1),3-7,3,7
0022100588,2022-01-07,DEN,SAC,2.1,1,9,54,SAC,SAC,fg_miss,79,False,False,,MISS Jones 5' Pullup Jump Shot,3-7,3,7
0022100588,2022-01-07,DEN,SAC,2.13,1,9,52,DEN,DEN,reb,0,False,False,Barton REBOUND (Off:0 Def:1),,3-7,3,7
0022100588,2022-01-07,DEN,SAC,2.23,1,9,46,DEN,SAC,foul,2,False,False,,Jones S.FOUL (P1.T1) (S.Mehta),3-7,3,7
0022100588,2022-01-07,DEN,SAC,2.23,1,9,46,DEN,DEN,ft_make,11,False,False,Barton Free Throw 1 of 2 (4 PTS),,4-7,4,7
0022100588,2022-01-07,DEN,SAC,2.23,1,9,46,DEN,DEN,ft_make,12,False,False,Barton Free Throw 2 of 2 (5 PTS),,5-7,5,7
0022100588,2022-01-07,DEN,SAC,2.42,1,9,35,SAC,SAC,fg_make,78,False,False,,Jones 13' Floating Jump Shot (2 PTS) (Haliburton 1 AST),5-9,5,9
0022100588,2022-01-07,DEN,SAC,2.8,1,9,12,DEN,DEN,fg_miss,101,False,False,MISS Morris 7' Driving Floating Jump Shot,,5-9,5,9
0022100588,2022-01-07,DEN,SAC,2.82,1,9,11,SAC,SAC,reb,0,False,False,,Haliburton REBOUND (Off:0 Def:1),5-9,5,9
0022100588,2022-01-07,DEN,SAC,3.0,1,9,0,SAC,SAC,fg_miss,78,False,False,,MISS Fox 8' Floating Jump Shot,5-9,5,9
0022100588,2022-01-07,DEN,SAC,3.02,1,8,59,SAC,SAC,reb,0,False,False,,Jones REBOUND (Off:1 Def:1),5-9,5,9
0022100588,2022-01-07,DEN,SAC,3.02,1,8,59,SAC,SAC,fg_miss,97,False,False,,MISS Jones 6' Tip Layup Shot,5-9,5,9
0022100588,2022-01-07,DEN,SAC,3.03,1,8,58,DEN,DEN,reb,0,False,False,Green REBOUND (Off:0 Def:1),,5-9,5,9
0022100588,2022-01-07,DEN,SAC,3.15,1,8,51,DEN,DEN,fg_make,7,False,False,Gordon 2' Dunk (2 PTS) (Jokic 1 AST),,7-9,7,9
0022100588,2022-01-07,DEN,SAC,3.35,1,8,39,SAC,SAC,fg3_miss,1,False,False,,MISS Haliburton 29' 3PT Jump Shot,7-9,7,9
0022100588,2022-01-07,DEN,SAC,3.4,1,8,36,DEN,DEN,reb,0,False,False,Green REBOUND (Off:0 Def:2),,7-9,7,9
0022100588,2022-01-07,DEN,SAC,3.57,1,8,26,DEN,DEN,fg_make,6,False,False,Morris 4' Driving Layup (2 PTS),,9-9,9,9
0022100588,2022-01-07,DEN,SAC,3.88,1,8,7,SAC,SAC,fg3_miss,1,False,False,,MISS Fox 26' 3PT Jump Shot,9-9,9,9
0022100588,2022-01-07,DEN,SAC,3.95,1,8,3,DEN,DEN,reb,0,False,False,Green REBOUND (Off:0 Def:3),,9-9,9,9
0022100588,2022-01-07,DEN,SAC,4.1,1,7,54,DEN,DEN,fg_make,108,False,False,Gordon 1' Cutting Dunk Shot (4 PTS) (Jokic 2 AST),,11-9,11,9
0022100588,2022-01-07,DEN,SAC,4.28,1,7,43,SAC,SAC,fg_make,101,False,False,,Bagley III 8' Driving Floating Jump Shot (4 PTS) (Haliburton 2 AST),11-11,11,11
0022100588,2022-01-07,DEN,SAC,4.57,1,7,26,DEN,DEN,fg_make,6,False,False,Jokic 3' Driving Layup (2 PTS),,13-11,13,11
0022100588,2022-01-07,DEN,SAC,4.7,1,7,18,SAC,SAC,timeout,1,False,False,,Kings Timeout: Regular (Reg.1 Short 0),13-11,13,11
0022100588,2022-01-07,DEN,SAC,4.98,1,7,1,SAC,SAC,fg3_miss,1,False,False,,MISS Barnes 27' 3PT Jump Shot,13-11,13,11
0022100588,2022-01-07,DEN,SAC,5.05,1,6,57,DEN,DEN,reb,0,False,False,Green REBOUND (Off:0 Def:4),,13-11,13,11
0022100588,2022-01-07,DEN,SAC,5.22,1,6,47,DEN,DEN,fg3_miss,1,False,False,MISS Green 3PT Jump Shot,,13-11,13,11
0022100588,2022-01-07,DEN,SAC,5.28,1,6,43,SAC,SAC,reb,0,False,False,,Barnes REBOUND (Off:0 Def:1),13-11,13,11
0022100588,2022-01-07,DEN,SAC,5.43,1,6,34,SAC,SAC,fg_miss,58,False,False,,MISS Len 7' Turnaround Hook Shot,13-11,13,11
0022100588,2022-01-07,DEN,SAC,5.48,1,6,31,DEN,DEN,reb,0,False,False,Gordon REBOUND (Off:0 Def:1),,13-11,13,11
0022100588,2022-01-07,DEN,SAC,5.6,1,6,24,DEN,DEN,fg3_make,1,False,False,Barton 26' 3PT Jump Shot (8 PTS) (Green 1 AST),,16-11,16,11
0022100588,2022-01-07,DEN,SAC,5.9,1,6,6,SAC,SAC,reb,0,False,False,,Kings Rebound,16-11,16,11
0022100588,2022-01-07,DEN,SAC,5.9,1,6,6,SAC,DEN,block,5,True,False,block,block,16-11,16,11
0022100588,2022-01-07,DEN,SAC,5.9,1,6,6,SAC,SAC,fg_miss,5,True,False,,MISS Bagley III 5' Layup,16-11,16,11
0022100588,2022-01-07,DEN,SAC,6.02,1,5,59,SAC,SAC,fg_make,63,False,False,,Fox 9' Fadeaway Jumper (4 PTS) (Len 1 AST),16-13,16,13
0022100588,2022-01-07,DEN,SAC,6.3,1,5,42,DEN,DEN,fg_make,5,False,False,Green 3' Layup (2 PTS) (Jokic 3 AST),,18-13,18,13
0022100588,2022-01-07,DEN,SAC,6.45,1,5,33,SAC,SAC,fg3_miss,79,False,False,,MISS Hield 26' 3PT Pullup Jump Shot,18-13,18,13
0022100588,2022-01-07,DEN,SAC,6.48,1,5,31,DEN,DEN,reb,0,False,False,Gordon REBOUND (Off:0 Def:2),,18-13,18,13
0022100588,2022-01-07,DEN,SAC,6.57,1,5,26,DEN,DEN,fg_make,50,False,False,Jokic 2' Running Dunk (4 PTS) (Gordon 1 AST),,20-13,20,13
0022100588,2022-01-07,DEN,SAC,6.75,1,5,15,SAC,SAC,fg_miss,6,False,False,,MISS Fox 3' Driving Layup,20-13,20,13
0022100588,2022-01-07,DEN,SAC,6.78,1,5,13,DEN,DEN,reb,0,False,False,Green REBOUND (Off:0 Def:5),,20-13,20,13
0022100588,2022-01-07,DEN,SAC,6.92,1,5,5,DEN,DEN,fg3_miss,1,False,False,MISS Barton 3PT Jump Shot,,20-13,20,13
0022100588,2022-01-07,DEN,SAC,6.97,1,5,2,SAC,SAC,reb,0,False,False,,Barnes REBOUND (Off:0 Def:2),20-13,20,13
0022100588,2022-01-07,DEN,SAC,7.1,1,4,54,SAC,SAC,fg_make,6,False,False,,Bagley III 2' Driving Layup (6 PTS) (Barnes 1 AST),20-15,20,15
0022100588,2022-01-07,DEN,SAC,7.48,1,4,31,DEN,DEN,fg_miss,80,False,False,MISS Gordon 10' Step Back Jump Shot,,20-15,20,15
0022100588,2022-01-07,DEN,SAC,7.52,1,4,29,SAC,SAC,reb,0,False,False,,Hield REBOUND (Off:0 Def:1),20-15,20,15
0022100588,2022-01-07,DEN,SAC,7.75,1,4,15,SAC,SAC,fg_make,7,False,False,,Len 1' Dunk (2 PTS) (Fox 1 AST),20-17,20,17
0022100588,2022-01-07,DEN,SAC,8.15,1,3,51,DEN,DEN,fg_make,98,False,False,Morris 2' Cutting Layup Shot (4 PTS) (Barton 1 AST),,22-17,22,17
0022100588,2022-01-07,DEN,SAC,8.15,1,3,51,DEN,SAC,foul,2,False,False,,Bagley III S.FOUL (P1.T2) (J.Schroeder),22-17,22,17
0022100588,2022-01-07,DEN,SAC,8.15,1,3,51,DEN,DEN,ft_make,10,False,False,Morris Free Throw 1 of 1 (5 PTS),,23-17,23,17
0022100588,2022-01-07,DEN,SAC,8.33,1,3,40,SAC,SAC,fg_miss,79,False,False,,MISS Fox 17' Pullup Jump Shot,23-17,23,17
0022100588,2022-01-07,DEN,SAC,8.37,1,3,38,DEN,DEN,reb,0,False,False,Barton REBOUND (Off:0 Def:2),,23-17,23,17
0022100588,2022-01-07,DEN,SAC,8.58,1,3,25,DEN,DEN,fg_make,58,False,False,Jokic 6' Turnaround Hook Shot (6 PTS) (Gordon 2 AST),,25-17,25,17
0022100588,2022-01-07,DEN,SAC,8.88,1,3,7,SAC,SAC,fg3_miss,1,False,False,,MISS Mitchell 26' 3PT Jump Shot,25-17,25,17
0022100588,2022-01-07,DEN,SAC,8.93,1,3,4,DEN,DEN,reb,0,False,False,Morris REBOUND (Off:0 Def:1),,25-17,25,17
0022100588,2022-01-07,DEN,SAC,9.02,1,2,59,DEN,DEN,fg_make,76,False,False,Jokic 3' Running Finger Roll Layup (8 PTS) (Morris 1 AST),,27-17,27,17
0022100588,2022-01-07,DEN,SAC,9.37,1,2,38,SAC,DEN,steal,1,False,True,steal,steal,27-17,27,17
0022100588,2022-01-07,DEN,SAC,9.37,1,2,38,SAC,SAC,tov,1,False,True,,Hield Bad Pass Turnover (P1.T1),27-17,27,17
0022100588,2022-01-07,DEN,SAC,9.45,1,2,33,DEN,DEN,fg_make,74,False,False,Morris 3' Running Reverse Layup (7 PTS) (Barton 2 AST),,29-17,29,17
0022100588,2022-01-07,DEN,SAC,9.87,1,2,8,SAC,SAC,fg_miss,79,False,False,,MISS Mitchell 13' Pullup Jump Shot,29-17,29,17
0022100588,2022-01-07,DEN,SAC,9.92,1,2,5,DEN,DEN,reb,0,False,False,Green REBOUND (Off:0 Def:1),,29-17,29,17
0022100588,2022-01-07,DEN,SAC,10.02,1,1,59,DEN,DEN,timeout,1,False,False,NUGGETS Timeout: Regular (Full 1 Short 0),,29-17,29,17
0022100588,2022-01-07,DEN,SAC,10.23,1,1,46,DEN,DEN,fg_make,101,False,False,Green 7' Driving Floating Jump Shot (2 PTS),,31-17,31,17
0022100588,2022-01-07,DEN,SAC,10.23,1,1,46,DEN,SAC,foul,2,False,False,,Harkless S.FOUL (P1.T3) (B.Forte),31-17,31,17
0022100588,2022-01-07,DEN,SAC,10.23,1,1,46,DEN,DEN,ft_make,10,False,False,Green Free Throw 1 of 1 (3 PTS),,32-17,32,17
0022100588,2022-01-07,DEN,SAC,10.5,1,1,30,SAC,SAC,fg3_make,1,False,False,,Harkless 3PT Jump Shot (3 PTS) (Haliburton 3 AST),32-20,32,20
0022100588,2022-01-07,DEN,SAC,10.75,1,1,15,DEN,DEN,fg3_miss,79,True,False,MISS Hyland 27' 3PT Pullup Jump Shot,,32-20,32,20
0022100588,2022-01-07,DEN,SAC,10.75,1,1,15,DEN,SAC,block,79,True,False,block,block,32-20,32,20
0022100588,2022-01-07,DEN,SAC,10.78,1,1,13,SAC,SAC,reb,0,False,False,,Harkless REBOUND (Off:0 Def:1),32-20,32,20
0022100588,2022-01-07,DEN,SAC,10.82,1,1,11,SAC,SAC,tov,45,False,False,,Harkless Out of Bounds - Bad Pass Turnover Turnover (P1.T2),32-20,32,20
0022100588,2022-01-07,DEN,SAC,11.05,1,0,57,DEN,DEN,fg3_make,1,False,False,Nnaji 25' 3PT Jump Shot (3 PTS) (Campazzo 1 AST),,35-20,35,20
0022100588,2022-01-07,DEN,SAC,11.18,1,0,49,SAC,SAC,tov,37,False,False,,Jones Offensive Foul Turnover (P1.T3),35-20,35,20
0022100588,2022-01-07,DEN,SAC,11.18,1,0,49,DEN,SAC,foul,4,False,False,,Jones OFF.Foul (P2) (S.Mehta),35-20,35,20
0022100588,2022-01-07,DEN,SAC,11.57,1,0,26,DEN,DEN,fg3_miss,79,False,False,MISS Hyland 26' 3PT Pullup Jump Shot,,35-20,35,20
0022100588,2022-01-07,DEN,SAC,11.63,1,0,22,SAC,SAC,reb,0,False,False,,Mitchell REBOUND (Off:0 Def:1),35-20,35,20
0022100588,2022-01-07,DEN,SAC,11.95,1,0,3,SAC,SAC,fg3_make,1,False,False,,Haliburton 24' 3PT Jump Shot (6 PTS) (Mitchell 1 AST),35-23,35,23
0022100588,2022-01-07,DEN,SAC,12.0,1,0,0,SAC,,period_end,0,False,False,,,35-23,35,23
0022100588,2022-01-07,DEN,SAC,12.0,2,12,0,SAC,,period_start,0,False,False,,,35-23,35,23
0022100588,2022-01-07,DEN,SAC,12.18,2,11,49,SAC,DEN,foul,1,False,False,Rivers P.FOUL (P1.T1) (B.Forte),,35-23,35,23
0022100588,2022-01-07,DEN,SAC,12.28,2,11,43,SAC,SAC,fg3_make,1,False,False,,Hield 26' 3PT Jump Shot (3 PTS) (Mitchell 2 AST),35-26,35,26
0022100588,2022-01-07,DEN,SAC,12.52,2,11,29,DEN,DEN,fg3_miss,1,False,False,MISS Green 27' 3PT Jump Shot,,35-26,35,26
0022100588,2022-01-07,DEN,SAC,12.58,2,11,25,SAC,SAC,reb,0,False,False,,Haliburton REBOUND (Off:0 Def:2),35-26,35,26
0022100588,2022-01-07,DEN,SAC,12.9,2,11,6,SAC,SAC,fg3_make,1,False,False,,Harkless 3PT Jump Shot (6 PTS) (Hield 1 AST),35-29,35,29
0022100588,2022-01-07,DEN,SAC,13.35,2,10,39,DEN,DEN,fg_miss,75,True,False,MISS Campazzo 3' Driving Finger Roll Layup,,35-29,35,29
0022100588,2022-01-07,DEN,SAC,13.35,2,10,39,DEN,DEN,reb,0,False,False,Nnaji REBOUND (Off:1 Def:0),,35-29,35,29
0022100588,2022-01-07,DEN,SAC,13.35,2,10,39,DEN,DEN,tov,11,False,False,NUGGETS Turnover: Shot Clock (T#2),,35-29,35,29
0022100588,2022-01-07,DEN,SAC,13.35,2,10,39,SAC,DEN,foul,11,False,False,Campazzo T.FOUL (P0.T1) (B.Forte),,35-29,35,29
0022100588,2022-01-07,DEN,SAC,13.35,2,10,39,SAC,SAC,ft_make,16,False,False,,Hield Free Throw Technical (4 PTS),35-30,35,30
0022100588,2022-01-07,DEN,SAC,13.35,2,10,39,DEN,SAC,block,75,True,False,block,block,35-29,35,29
0022100588,2022-01-07,DEN,SAC,13.58,2,10,25,SAC,SAC,fg_miss,75,False,False,,MISS Mitchell 3' Driving Finger Roll Layup,35-30,35,30
0022100588,2022-01-07,DEN,SAC,13.67,2,10,20,SAC,SAC,reb,0,False,False,,Thompson REBOUND (Off:1 Def:0),35-30,35,30
0022100588,2022-01-07,DEN,SAC,13.67,2,10,20,DEN,DEN,reb,0,False,False,Hyland REBOUND (Off:0 Def:1),,35-30,35,30
0022100588,2022-01-07,DEN,SAC,13.67,2,10,20,SAC,SAC,fg_miss,97,False,False,,MISS Thompson Tip Layup Shot,35-30,35,30
0022100588,2022-01-07,DEN,SAC,13.68,2,10,19,DEN,DEN,fg_make,76,False,False,Green 2' Running Finger Roll Layup (5 PTS) (Hyland 1 AST),,37-30,37,30
0022100588,2022-01-07,DEN,SAC,13.8,2,10,12,SAC,DEN,foul,1,False,False,Nnaji P.FOUL (P1.T2) (S.Mehta),,37-30,37,30
0022100588,2022-01-07,DEN,SAC,13.92,2,10,5,SAC,SAC,fg_miss,9,True,False,,MISS Harkless 4' Driving Dunk,37-30,37,30
0022100588,2022-01-07,DEN,SAC,13.92,2,10,5,SAC,DEN,block,9,True,False,block,block,37-30,37,30
0022100588,2022-01-07,DEN,SAC,13.93,2,10,4,SAC,SAC,reb,0,False,False,,Harkless REBOUND (Off:1 Def:1),37-30,37,30
0022100588,2022-01-07,DEN,SAC,13.95,2,10,3,SAC,SAC,fg_miss,72,True,False,,MISS Harkless 5' Putback Layup,37-30,37,30
0022100588,2022-01-07,DEN,SAC,13.95,2,10,3,SAC,DEN,block,72,True,False,block,block,37-30,37,30
0022100588,2022-01-07,DEN,SAC,13.97,2,10,2,DEN,DEN,reb,0,False,False,Nnaji REBOUND (Off:1 Def:1),,37-30,37,30
0022100588,2022-01-07,DEN,SAC,14.12,2,9,53,DEN,DEN,fg_make,6,False,False,Rivers 2' Driving Layup (2 PTS) (Hyland 2 AST),,39-30,39,30
0022100588,2022-01-07,DEN,SAC,14.28,2,9,43,SAC,DEN,foul,1,False,False,Nnaji P.FOUL (P2.T3) (B.Forte),,39-30,39,30
0022100588,2022-01-07,DEN,SAC,14.43,2,9,34,SAC,SAC,fg3_miss,1,False,False,,MISS Harkless 3PT Jump Shot,39-30,39,30
0022100588,2022-01-07,DEN,SAC,14.5,2,9,30,DEN,DEN,reb,0,False,False,Hyland REBOUND (Off:0 Def:2),,39-30,39,30
0022100588,2022-01-07,DEN,SAC,14.75,2,9,15,DEN,DEN,fg3_make,80,False,False,Hyland 25' 3PT Step Back Jump Shot (3 PTS),,42-30,42,30
0022100588,2022-01-07,DEN,SAC,15.2,2,8,48,SAC,SAC,tov,11,False,False,,Kings Turnover: Shot Clock (T#4),42-30,42,30
0022100588,2022-01-07,DEN,SAC,15.2,2,8,48,SAC,SAC,reb,0,False,False,,Kings Rebound,42-30,42,30
0022100588,2022-01-07,DEN,SAC,15.2,2,8,48,SAC,SAC,fg3_miss,63,False,False,,MISS Harkless 3PT Fadeaway Jumper,42-30,42,30
0022100588,2022-01-07,DEN,SAC,15.4,2,8,36,DEN,DEN,fg3_make,79,False,False,Hyland 27' 3PT Pullup Jump Shot (6 PTS),,45-30,45,30
0022100588,2022-01-07,DEN,SAC,15.5,2,8,30,SAC,DEN,block,1,True,False,block,block,45-30,45,30
0022100588,2022-01-07,DEN,SAC,15.5,2,8,30,SAC,SAC,fg3_miss,1,True,False,,MISS Hield 25' 3PT Jump Shot,45-30,45,30
0022100588,2022-01-07,DEN,SAC,15.55,2,8,27,DEN,DEN,reb,0,False,False,Green REBOUND (Off:0 Def:2),,45-30,45,30
0022100588,2022-01-07,DEN,SAC,15.72,2,8,17,DEN,DEN,fg_make,5,False,False,Green 3' Layup (7 PTS),,47-30,47,30
0022100588,2022-01-07,DEN,SAC,15.83,2,8,10,SAC,SAC,fg_make,98,False,False,,Len 1' Cutting Layup Shot (4 PTS) (Harkless 1 AST),47-32,47,32
0022100588,2022-01-07,DEN,SAC,15.83,2,8,10,SAC,SAC,ft_miss,10,False,False,,MISS Len Free Throw 1 of 1,47-32,47,32
0022100588,2022-01-07,DEN,SAC,15.83,2,8,10,SAC,DEN,foul,2,False,False,Green S.FOUL (P1.T4) (J.Schroeder),,47-32,47,32
0022100588,2022-01-07,DEN,SAC,15.87,2,8,8,DEN,DEN,reb,0,False,False,Hyland REBOUND (Off:0 Def:3),,47-32,47,32
0022100588,2022-01-07,DEN,SAC,16.1,2,7,54,DEN,DEN,fg3_miss,1,False,False,MISS Hyland 27' 3PT Jump Shot,,47-32,47,32
0022100588,2022-01-07,DEN,SAC,16.17,2,7,50,SAC,SAC,reb,0,False,False,,Len REBOUND (Off:0 Def:1),47-32,47,32
0022100588,2022-01-07,DEN,SAC,16.27,2,7,44,SAC,SAC,fg_miss,6,False,False,,MISS Fox 4' Driving Layup,47-32,47,32
0022100588,2022-01-07,DEN,SAC,16.3,2,7,42,DEN,SAC,foul,1,False,False,,Fox P.FOUL (P1.T1) (B.Forte),47-32,47,32
0022100588,2022-01-07,DEN,SAC,16.3,2,7,42,DEN,DEN,reb,0,False,False,Hyland REBOUND (Off:0 Def:4),,47-32,47,32
0022100588,2022-01-07,DEN,SAC,16.45,2,7,33,DEN,DEN,fg3_make,1,False,False,Green 26' 3PT Jump Shot (5 PTS) (Campazzo 2 AST),,50-32,50,32
0022100588,2022-01-07,DEN,SAC,16.65,2,7,21,SAC,DEN,foul,2,False,False,Campazzo S.FOUL (P1.PN) (B.Forte),,50-32,50,32
0022100588,2022-01-07,DEN,SAC,16.65,2,7,21,SAC,SAC,ft_make,12,False,False,,Barnes Free Throw 2 of 2 (2 PTS),50-34,50,34
0022100588,2022-01-07,DEN,SAC,16.65,2,7,21,SAC,SAC,ft_make,11,False,False,,Barnes Free Throw 1 of 2 (1 PTS),50-33,50,33
0022100588,2022-01-07,DEN,SAC,17.02,2,6,59,DEN,DEN,fg3_miss,80,False,False,MISS Rivers 27' 3PT Step Back Jump Shot,,50-34,50,34
0022100588,2022-01-07,DEN,SAC,17.07,2,6,56,SAC,SAC,reb,0,False,False,,Len REBOUND (Off:0 Def:2),50-34,50,34
0022100588,2022-01-07,DEN,SAC,17.18,2,6,49,SAC,SAC,fg3_miss,1,False,False,,MISS Fox 26' 3PT Jump Shot,50-34,50,34
0022100588,2022-01-07,DEN,SAC,17.22,2,6,47,DEN,DEN,timeout,1,False,False,NUGGETS Timeout: Regular (Full 2 Short 0),,50-34,50,34
0022100588,2022-01-07,DEN,SAC,17.22,2,6,47,DEN,DEN,reb,0,False,False,NUGGETS Rebound,,50-34,50,34
0022100588,2022-01-07,DEN,SAC,17.6,2,6,24,DEN,DEN,fg3_make,1,False,False,Jokic 26' 3PT Jump Shot (11 PTS) (Gordon 3 AST),,53-34,53,34
0022100588,2022-01-07,DEN,SAC,17.95,2,6,3,SAC,SAC,fg3_miss,80,False,False,,MISS Barnes 27' 3PT Step Back Jump Shot,53-34,53,34
0022100588,2022-01-07,DEN,SAC,17.98,2,6,1,DEN,DEN,reb,0,False,False,Green REBOUND (Off:0 Def:6),,53-34,53,34
0022100588,2022-01-07,DEN,SAC,18.15,2,5,51,SAC,SAC,ft_make,12,False,False,,Fox Free Throw 2 of 2 (6 PTS),53-36,53,36
0022100588,2022-01-07,DEN,SAC,18.15,2,5,51,DEN,SAC,steal,1,False,True,steal,steal,53-34,53,34
0022100588,2022-01-07,DEN,SAC,18.15,2,5,51,DEN,DEN,tov,1,False,True,Gordon Bad Pass Turnover (P1.T3),,53-34,53,34
0022100588,2022-01-07,DEN,SAC,18.15,2,5,51,SAC,DEN,foul,28,False,False,Gordon Personal Take Foul (P1.PN) (S.Mehta),,53-34,53,34
0022100588,2022-01-07,DEN,SAC,18.15,2,5,51,SAC,SAC,ft_make,11,False,False,,Fox Free Throw 1 of 2 (5 PTS),53-35,53,35
0022100588,2022-01-07,DEN,SAC,18.55,2,5,27,DEN,DEN,fg3_miss,63,False,False,MISS Jokic 26' 3PT Fadeaway Jumper,,53-36,53,36
0022100588,2022-01-07,DEN,SAC,18.6,2,5,24,SAC,SAC,reb,0,False,False,,Barnes REBOUND (Off:0 Def:3),53-36,53,36
0022100588,2022-01-07,DEN,SAC,18.83,2,5,10,SAC,SAC,fg3_miss,1,False,False,,MISS Len 25' 3PT Jump Shot,53-36,53,36
0022100588,2022-01-07,DEN,SAC,18.92,2,5,5,SAC,SAC,reb,0,False,False,,Bagley III REBOUND (Off:1 Def:0),53-36,53,36
0022100588,2022-01-07,DEN,SAC,18.93,2,5,4,SAC,SAC,fg_miss,87,True,False,,MISS Bagley III 1' Putback Dunk,53-36,53,36
0022100588,2022-01-07,DEN,SAC,18.93,2,5,4,SAC,DEN,block,87,True,False,block,block,53-36,53,36
0022100588,2022-01-07,DEN,SAC,18.97,2,5,2,DEN,DEN,reb,0,False,False,Green REBOUND (Off:0 Def:7),,53-36,53,36
0022100588,2022-01-07,DEN,SAC,19.02,2,4,59,DEN,DEN,fg_miss,75,False,False,MISS Gordon 3' Driving Finger Roll Layup,,53-36,53,36
0022100588,2022-01-07,DEN,SAC,19.07,2,4,56,SAC,SAC,reb,0,False,False,,Len REBOUND (Off:0 Def:3),53-36,53,36
0022100588,2022-01-07,DEN,SAC,19.18,2,4,49,SAC,DEN,block,44,True,False,block,block,53-36,53,36
0022100588,2022-01-07,DEN,SAC,19.18,2,4,49,SAC,SAC,fg_miss,44,True,False,,MISS Bagley III 3' Reverse Layup,53-36,53,36
0022100588,2022-01-07,DEN,SAC,19.23,2,4,46,DEN,DEN,reb,0,False,False,Jokic REBOUND (Off:0 Def:1),,53-36,53,36
0022100588,2022-01-07,DEN,SAC,19.27,2,4,44,DEN,DEN,fg_make,50,False,False,Green 1' Running Dunk (7 PTS) (Jokic 4 AST),,55-36,55,36
0022100588,2022-01-07,DEN,SAC,19.42,2,4,35,SAC,SAC,ft_miss,12,False,False,,MISS Fox Free Throw 2 of 2,55-37,55,37
0022100588,2022-01-07,DEN,SAC,19.42,2,4,35,SAC,SAC,ft_make,11,False,False,,Fox Free Throw 1 of 2 (7 PTS),55-37,55,37
0022100588,2022-01-07,DEN,SAC,19.42,2,4,35,SAC,DEN,foul,2,False,False,Barton S.FOUL (P1.PN) (S.Mehta),,55-36,55,36
0022100588,2022-01-07,DEN,SAC,19.47,2,4,32,SAC,SAC,reb,0,False,False,,Fox REBOUND (Off:1 Def:1),55-37,55,37
0022100588,2022-01-07,DEN,SAC,19.52,2,4,29,SAC,SAC,fg_miss,101,False,False,,MISS Haliburton 11' Driving Floating Jump Shot,55-37,55,37
0022100588,2022-01-07,DEN,SAC,19.57,2,4,26,DEN,DEN,reb,0,False,False,Jokic REBOUND (Off:0 Def:2),,55-37,55,37
0022100588,2022-01-07,DEN,SAC,19.75,2,4,15,DEN,DEN,fg_miss,101,False,False,MISS Morris 10' Driving Floating Jump Shot,,55-37,55,37
0022100588,2022-01-07,DEN,SAC,19.8,2,4,12,DEN,DEN,reb,0,False,False,Green REBOUND (Off:1 Def:7),,55-37,55,37
0022100588,2022-01-07,DEN,SAC,19.95,2,4,3,DEN,DEN,fg_make,108,False,False,Green 2' Cutting Dunk Shot (9 PTS) (Barton 3 AST),,57-37,57,37
0022100588,2022-01-07,DEN,SAC,20.13,2,3,52,SAC,SAC,timeout,1,False,False,,Kings Timeout: Regular (Reg.2 Short 0),57-37,57,37
0022100588,2022-01-07,DEN,SAC,20.3,2,3,42,SAC,SAC,fg_make,101,False,False,,Barnes 7' Driving Floating Jump Shot (4 PTS),57-39,57,39
0022100588,2022-01-07,DEN,SAC,20.7,2,3,18,DEN,DEN,tov,2,False,True,Jokic Lost Ball Turnover (P1.T4),,57-39,57,39
0022100588,2022-01-07,DEN,SAC,20.7,2,3,18,DEN,SAC,steal,2,False,True,steal,steal,57-39,57,39
0022100588,2022-01-07,DEN,SAC,20.77,2,3,14,SAC,SAC,fg_make,74,False,False,,Fox 3' Running Reverse Layup (9 PTS),57-41,57,41
0022100588,2022-01-07,DEN,SAC,21.02,2,2,59,DEN,DEN,fg3_make,1,False,False,Morris 27' 3PT Jump Shot (10 PTS) (Jokic 5 AST),,60-41,60,41
0022100588,2022-01-07,DEN,SAC,21.22,2,2,47,SAC,SAC,fg_miss,78,False,False,,MISS Mitchell 10' Floating Jump Shot,60-41,60,41
0022100588,2022-01-07,DEN,SAC,21.28,2,2,43,SAC,SAC,reb,0,False,False,,Len REBOUND (Off:1 Def:3),60-43,60,43
0022100588,2022-01-07,DEN,SAC,21.28,2,2,43,SAC,SAC,fg_make,97,False,False,,Len Tip Layup Shot (6 PTS),60-43,60,43
0022100588,2022-01-07,DEN,SAC,21.5,2,2,30,DEN,DEN,fg3_make,1,False,False,Jokic 26' 3PT Jump Shot (14 PTS) (Morris 2 AST),,63-43,63,43
0022100588,2022-01-07,DEN,SAC,21.82,2,2,11,SAC,SAC,fg_make,101,False,False,,Bagley III 8' Driving Floating Jump Shot (8 PTS) (Fox 2 AST),63-45,63,45
0022100588,2022-01-07,DEN,SAC,22.1,2,1,54,DEN,DEN,fg3_miss,1,False,False,MISS Jokic 26' 3PT Jump Shot,,63-45,63,45
0022100588,2022-01-07,DEN,SAC,22.15,2,1,51,SAC,SAC,reb,0,False,False,,Barnes REBOUND (Off:0 Def:4),63-45,63,45
0022100588,2022-01-07,DEN,SAC,22.2,2,1,48,SAC,SAC,fg_miss,41,False,False,,MISS Barnes 7' Running Layup,63-45,63,45
0022100588,2022-01-07,DEN,SAC,22.23,2,1,46,SAC,SAC,reb,0,False,False,,Len REBOUND (Off:2 Def:3),63-45,63,45
0022100588,2022-01-07,DEN,SAC,22.23,2,1,46,SAC,SAC,fg_make,97,False,False,,Len Tip Layup Shot (8 PTS),63-47,63,47
0022100588,2022-01-07,DEN,SAC,22.72,2,1,17,DEN,DEN,fg_make,58,False,False,Jokic 9' Turnaround Hook Shot (16 PTS),,65-47,65,47
0022100588,2022-01-07,DEN,SAC,22.92,2,1,5,SAC,SAC,fg_make,75,False,False,,Barnes 4' Driving Finger Roll Layup (6 PTS) (Fox 3 AST),65-49,65,49
0022100588,2022-01-07,DEN,SAC,23.28,2,0,43,DEN,DEN,reb,1,False,False,NUGGETS Rebound,,65-49,65,49
0022100588,2022-01-07,DEN,SAC,23.28,2,0,43,DEN,SAC,foul,2,False,False,,Fox S.FOUL (P2.T2) (J.Schroeder),65-49,65,49
0022100588,2022-01-07,DEN,SAC,23.28,2,0,43,DEN,DEN,ft_miss,11,False,False,MISS Morris Free Throw 1 of 2,,65-49,65,49
0022100588,2022-01-07,DEN,SAC,23.28,2,0,43,DEN,DEN,ft_make,12,False,False,Morris Free Throw 2 of 2 (11 PTS),,66-49,66,49
0022100588,2022-01-07,DEN,SAC,23.52,2,0,29,SAC,SAC,fg_make,63,False,False,,Fox 7' Fadeaway Jumper (11 PTS),66-51,66,51
0022100588,2022-01-07,DEN,SAC,23.52,2,0,29,SAC,SAC,ft_make,10,False,False,,Fox Free Throw 1 of 1 (12 PTS),66-52,66,52
0022100588,2022-01-07,DEN,SAC,23.52,2,0,29,SAC,DEN,foul,2,False,False,Morris S.FOUL (P1.PN) (B.Forte),,66-51,66,51
0022100588,2022-01-07,DEN,SAC,23.87,2,0,8,DEN,DEN,ft_miss,12,False,False,MISS Jokic Free Throw 2 of 2,,66-52,66,52
0022100588,2022-01-07,DEN,SAC,23.87,2,0,8,DEN,DEN,reb,1,False,False,NUGGETS Rebound,,66-52,66,52
0022100588,2022-01-07,DEN,SAC,23.87,2,0,8,DEN,DEN,ft_miss,11,False,False,MISS Jokic Free Throw 1 of 2,,66-52,66,52
0022100588,2022-01-07,DEN,SAC,23.87,2,0,8,DEN,SAC,foul,2,False,False,,Len S.FOUL (P1.PN) (B.Forte),66-52,66,52
0022100588,2022-01-07,DEN,SAC,23.9,2,0,6,SAC,SAC,reb,0,False,False,,Fox REBOUND (Off:1 Def:2),66-52,66,52
0022100588,2022-01-07,DEN,SAC,23.98,2,0,1,SAC,SAC,fg_make,79,False,False,,Fox 16' Pullup Jump Shot (14 PTS),66-54,66,54
0022100588,2022-01-07,DEN,SAC,24.0,3,12,0,SAC,,period_start,0,False,False,,,66-54,66,54
0022100588,2022-01-07,DEN,SAC,24.0,2,0,0,SAC,,period_end,0,False,False,,,66-54,66,54
0022100588,2022-01-07,DEN,SAC,24.25,3,11,45,SAC,SAC,fg_make,58,False,False,,Len 5' Turnaround Hook Shot (10 PTS) (Barnes 2 AST),66-56,66,56
0022100588,2022-01-07,DEN,SAC,24.6,3,11,24,DEN,DEN,fg_make,58,False,False,Jokic 5' Turnaround Hook Shot (18 PTS),,68-56,68,56
0022100588,2022-01-07,DEN,SAC,24.85,3,11,9,SAC,SAC,fg_miss,78,False,False,,MISS Len 12' Floating Jump Shot,68-56,68,56
0022100588,2022-01-07,DEN,SAC,24.88,3,11,7,DEN,DEN,reb,0,False,False,Jokic REBOUND (Off:0 Def:3),,68-56,68,56
0022100588,2022-01-07,DEN,SAC,24.95,3,11,3,DEN,DEN,fg_miss,78,False,False,MISS Barton 9' Floating Jump Shot,,68-56,68,56
0022100588,2022-01-07,DEN,SAC,25.0,3,11,0,SAC,SAC,reb,0,False,False,,Fox REBOUND (Off:1 Def:3),68-56,68,56
0022100588,2022-01-07,DEN,SAC,25.1,3,10,54,SAC,SAC,fg_miss,74,False,False,,MISS Barnes 3' Running Reverse Layup,68-56,68,56
0022100588,2022-01-07,DEN,SAC,25.12,3,10,53,DEN,DEN,reb,0,False,False,Jokic REBOUND (Off:0 Def:4),,68-56,68,56
0022100588,2022-01-07,DEN,SAC,25.18,3,10,49,DEN,DEN,fg3_miss,1,False,False,MISS Green 24' 3PT Jump Shot,,68-56,68,56
0022100588,2022-01-07,DEN,SAC,25.18,3,10,49,SAC,SAC,reb,0,False,False,,Barnes REBOUND (Off:0 Def:5),68-56,68,56
0022100588,2022-01-07,DEN,SAC,25.35,3,10,39,SAC,SAC,fg_make,78,False,False,,Len 11' Floating Jump Shot (12 PTS) (Haliburton 4 AST),68-58,68,58
0022100588,2022-01-07,DEN,SAC,25.65,3,10,21,DEN,DEN,tov,2,False,True,Barton Lost Ball Turnover (P2.T5),,68-58,68,58
0022100588,2022-01-07,DEN,SAC,25.65,3,10,21,DEN,SAC,steal,2,False,True,steal,steal,68-58,68,58
0022100588,2022-01-07,DEN,SAC,25.73,3,10,16,SAC,DEN,foul,1,False,False,Jokic P.FOUL (P1.T1) (J.Schroeder),,68-58,68,58
0022100588,2022-01-07,DEN,SAC,25.82,3,10,11,SAC,SAC,ft_make,10,False,False,,Fox Free Throw 1 of 1 (17 PTS),68-61,68,61
0022100588,2022-01-07,DEN,SAC,25.82,3,10,11,SAC,DEN,foul,2,False,False,Barton S.FOUL (P2.T2) (B.Forte),,68-60,68,60
0022100588,2022-01-07,DEN,SAC,25.82,3,10,11,SAC,SAC,fg_make,79,False,False,,Fox 15' Pullup Jump Shot (16 PTS),68-60,68,60
0022100588,2022-01-07,DEN,SAC,26.1,3,9,54,DEN,DEN,fg_make,6,False,False,Barton 3' Driving Layup (10 PTS),,70-61,70,61
0022100588,2022-01-07,DEN,SAC,26.22,3,9,47,SAC,DEN,steal,2,False,True,steal,steal,70-61,70,61
0022100588,2022-01-07,DEN,SAC,26.22,3,9,47,SAC,SAC,tov,2,False,True,,Fox Lost Ball Turnover (P1.T5),70-61,70,61
0022100588,2022-01-07,DEN,SAC,26.28,3,9,43,DEN,DEN,fg_miss,41,False,False,MISS Morris 3' Running Layup,,70-61,70,61
0022100588,2022-01-07,DEN,SAC,26.3,3,9,42,DEN,DEN,reb,0,False,False,Morris REBOUND (Off:1 Def:1),,70-61,70,61
0022100588,2022-01-07,DEN,SAC,26.32,3,9,41,SAC,SAC,reb,0,False,False,,Haliburton REBOUND (Off:0 Def:3),70-61,70,61
0022100588,2022-01-07,DEN,SAC,26.32,3,9,41,DEN,DEN,fg_miss,72,False,False,MISS Morris 4' Putback Layup,,70-61,70,61
0022100588,2022-01-07,DEN,SAC,26.48,3,9,31,SAC,SAC,fg_make,101,False,False,,Fox 7' Driving Floating Jump Shot (19 PTS) (Haliburton 5 AST),70-63,70,63
0022100588,2022-01-07,DEN,SAC,26.73,3,9,16,DEN,DEN,tov,1,False,True,Barton Bad Pass Turnover (P3.T6),,70-63,70,63
0022100588,2022-01-07,DEN,SAC,26.73,3,9,16,DEN,SAC,steal,1,False,True,steal,steal,70-63,70,63
0022100588,2022-01-07,DEN,SAC,26.92,3,9,5,SAC,SAC,fg3_make,80,False,False,,Haliburton 25' 3PT Step Back Jump Shot (9 PTS),70-66,70,66
0022100588,2022-01-07,DEN,SAC,26.95,3,9,3,DEN,DEN,timeout,1,False,False,NUGGETS Timeout: Regular (Full 3 Short 0),,70-66,70,66
0022100588,2022-01-07,DEN,SAC,27.2,3,8,48,DEN,DEN,fg3_miss,1,False,False,MISS Barton 25' 3PT Jump Shot,,70-66,70,66
0022100588,2022-01-07,DEN,SAC,27.25,3,8,45,SAC,SAC,reb,0,False,False,,Len REBOUND (Off:2 Def:4),70-66,70,66
0022100588,2022-01-07,DEN,SAC,27.43,3,8,34,SAC,SAC,fg3_miss,80,False,False,,MISS Fox 25' 3PT Step Back Jump Shot,70-66,70,66
0022100588,2022-01-07,DEN,SAC,27.45,3,8,33,DEN,DEN,reb,0,False,False,NUGGETS Rebound,,70-66,70,66
0022100588,2022-01-07,DEN,SAC,27.8,3,8,12,DEN,DEN,fg_make,108,False,False,Green 1' Cutting Dunk Shot (11 PTS) (Barton 4 AST),,72-66,72,66
0022100588,2022-01-07,DEN,SAC,28.17,3,7,50,SAC,SAC,fg3_miss,1,False,False,,MISS Bagley III 3PT Jump Shot,72-66,72,66
0022100588,2022-01-07,DEN,SAC,28.2,3,7,48,DEN,DEN,reb,0,False,False,Gordon REBOUND (Off:0 Def:3),,72-66,72,66
0022100588,2022-01-07,DEN,SAC,28.3,3,7,42,DEN,DEN,fg_miss,6,False,False,MISS Jokic 3' Driving Layup,,72-66,72,66
0022100588,2022-01-07,DEN,SAC,28.32,3,7,41,SAC,SAC,reb,0,False,False,,Kings Rebound,72-66,72,66
0022100588,2022-01-07,DEN,SAC,28.48,3,7,31,SAC,DEN,steal,1,False,True,steal,steal,72-66,72,66
0022100588,2022-01-07,DEN,SAC,28.48,3,7,31,SAC,SAC,tov,1,False,True,,Haliburton Bad Pass Turnover (P1.T6),72-66,72,66
0022100588,2022-01-07,DEN,SAC,28.55,3,7,27,DEN,DEN,fg_make,50,False,False,Green 2' Running Dunk (13 PTS) (Barton 5 AST),,74-66,74,66
0022100588,2022-01-07,DEN,SAC,28.93,3,7,4,SAC,SAC,fg_miss,79,False,False,,MISS Fox 18' Pullup Jump Shot,74-66,74,66
0022100588,2022-01-07,DEN,SAC,28.97,3,7,2,DEN,DEN,reb,0,False,False,Green REBOUND (Off:1 Def:8),,74-66,74,66
0022100588,2022-01-07,DEN,SAC,29.37,3,6,38,DEN,SAC,steal,2,False,True,steal,steal,74-66,74,66
0022100588,2022-01-07,DEN,SAC,29.37,3,6,38,DEN,DEN,tov,2,False,True,Jokic Lost Ball Turnover (P2.T7),,74-66,74,66
0022100588,2022-01-07,DEN,SAC,29.47,3,6,32,SAC,SAC,ft_make,12,False,False,,Len Free Throw 2 of 2 (14 PTS),74-68,74,68
0022100588,2022-01-07,DEN,SAC,29.47,3,6,32,SAC,SAC,ft_make,11,False,False,,Len Free Throw 1 of 2 (13 PTS),74-67,74,67
0022100588,2022-01-07,DEN,SAC,29.47,3,6,32,SAC,DEN,foul,2,False,False,Jokic S.FOUL (P2.T3) (S.Mehta),,74-66,74,66
0022100588,2022-01-07,DEN,SAC,29.7,3,6,18,DEN,DEN,ft_make,12,False,False,Jokic Free Throw 2 of 2 (20 PTS),,76-68,76,68
0022100588,2022-01-07,DEN,SAC,29.7,3,6,18,DEN,DEN,ft_make,11,False,False,Jokic Free Throw 1 of 2 (19 PTS),,75-68,75,68
0022100588,2022-01-07,DEN,SAC,29.7,3,6,18,DEN,SAC,foul,2,False,False,,Len S.FOUL (P2.T1) (S.Mehta),74-68,74,68
0022100588,2022-01-07,DEN,SAC,29.9,3,6,6,SAC,DEN,violation,1,False,False,NUGGETS Violation: Delay of game Violation,,76-68,76,68
0022100588,2022-01-07,DEN,SAC,29.9,3,6,6,SAC,DEN,foul,2,False,False,Jokic S.FOUL (P3.T4) (B.Forte),,76-68,76,68
0022100588,2022-01-07,DEN,SAC,29.9,3,6,6,SAC,SAC,ft_make,11,False,False,,Len Free Throw 1 of 2 (15 PTS),76-69,76,69
0022100588,2022-01-07,DEN,SAC,29.9,3,6,6,SAC,SAC,ft_make,12,False,False,,Len Free Throw 2 of 2 (16 PTS),76-70,76,70
0022100588,2022-01-07,DEN,SAC,30.15,3,5,51,DEN,DEN,fg3_make,1,False,False,Jokic 25' 3PT Jump Shot (23 PTS) (Morris 3 AST),,79-70,79,70
0022100588,2022-01-07,DEN,SAC,30.32,3,5,41,SAC,SAC,fg_make,99,False,False,,Len 2' Cutting Finger Roll Layup Shot (18 PTS) (Fox 4 AST),79-72,79,72
0022100588,2022-01-07,DEN,SAC,30.53,3,5,28,DEN,SAC,foul,1,False,False,,Len P.FOUL (P3.T2) (S.Mehta),79-72,79,72
0022100588,2022-01-07,DEN,SAC,30.65,3,5,21,DEN,DEN,fg_make,108,False,False,Gordon 2' Cutting Dunk Shot (6 PTS) (Barton 6 AST),,81-72,81,72
0022100588,2022-01-07,DEN,SAC,30.83,3,5,10,SAC,SAC,tov,39,False,False,,Barnes Step Out of Bounds Turnover (P1.T7),81-72,81,72
0022100588,2022-01-07,DEN,SAC,31.17,3,4,50,DEN,DEN,fg_make,6,False,False,Jokic 4' Driving Layup (25 PTS),,83-72,83,72
0022100588,2022-01-07,DEN,SAC,31.33,3,4,40,SAC,SAC,fg_miss,101,False,False,,MISS Fox 8' Driving Floating Jump Shot,83-72,83,72
0022100588,2022-01-07,DEN,SAC,31.37,3,4,38,DEN,DEN,reb,0,False,False,Jokic REBOUND (Off:0 Def:5),,83-72,83,72
0022100588,2022-01-07,DEN,SAC,31.52,3,4,29,SAC,SAC,timeout,1,False,False,,Kings Timeout: Regular (Reg.3 Short 0),85-72,85,72
0022100588,2022-01-07,DEN,SAC,31.52,3,4,29,DEN,DEN,fg_make,47,False,False,Jokic 6' Turnaround Jump Shot (27 PTS),,85-72,85,72
0022100588,2022-01-07,DEN,SAC,31.75,3,4,15,SAC,DEN,steal,1,False,True,steal,steal,85-72,85,72
0022100588,2022-01-07,DEN,SAC,31.75,3,4,15,SAC,SAC,tov,1,False,True,,Fox Bad Pass Turnover (P2.T8),85-72,85,72
0022100588,2022-01-07,DEN,SAC,31.82,3,4,11,DEN,SAC,foul,2,False,False,,Fox S.FOUL (P3.T3) (J.Schroeder),85-72,85,72
0022100588,2022-01-07,DEN,SAC,31.82,3,4,11,DEN,DEN,ft_make,11,False,False,Gordon Free Throw 1 of 2 (7 PTS),,86-72,86,72
0022100588,2022-01-07,DEN,SAC,31.82,3,4,11,DEN,DEN,ft_make,12,False,False,Gordon Free Throw 2 of 2 (8 PTS),,87-72,87,72
0022100588,2022-01-07,DEN,SAC,32.03,3,3,58,SAC,SAC,fg_make,79,False,False,,Mitchell 17' Pullup Jump Shot (2 PTS),87-74,87,74
0022100588,2022-01-07,DEN,SAC,32.25,3,3,45,DEN,SAC,foul,1,False,False,,Jones P.FOUL (P3.T4) (S.Mehta),87-74,87,74
0022100588,2022-01-07,DEN,SAC,32.33,3,3,40,DEN,DEN,fg_make,108,False,False,Gordon 1' Cutting Dunk Shot (10 PTS) (Jokic 6 AST),,89-74,89,74
0022100588,2022-01-07,DEN,SAC,32.58,3,3,25,SAC,SAC,fg_miss,79,False,False,,MISS Fox 18' Pullup Jump Shot,89-74,89,74
0022100588,2022-01-07,DEN,SAC,32.62,3,3,23,SAC,SAC,reb,0,False,False,,Fox REBOUND (Off:2 Def:3),89-74,89,74
0022100588,2022-01-07,DEN,SAC,32.63,3,3,22,SAC,SAC,reb,0,False,False,,Bagley III REBOUND (Off:2 Def:0),89-74,89,74
0022100588,2022-01-07,DEN,SAC,32.63,3,3,22,SAC,SAC,fg_miss,78,False,False,,MISS Fox 11' Floating Jump Shot,89-74,89,74
0022100588,2022-01-07,DEN,SAC,32.7,3,3,18,SAC,SAC,fg_make,97,False,False,,Bagley III Tip Layup Shot (10 PTS),89-76,89,76
0022100588,2022-01-07,DEN,SAC,32.88,3,3,7,DEN,DEN,fg3_miss,1,False,False,MISS Campazzo 25' 3PT Jump Shot,,89-76,89,76
0022100588,2022-01-07,DEN,SAC,32.92,3,3,5,DEN,DEN,ft_make,12,False,False,Jokic Free Throw 2 of 2 (28 PTS),,90-76,90,76
0022100588,2022-01-07,DEN,SAC,32.92,3,3,5,DEN,SAC,foul,1,False,False,,Jones P.FOUL (P4.PN) (B.Forte),89-76,89,76
0022100588,2022-01-07,DEN,SAC,32.92,3,3,5,DEN,DEN,ft_miss,11,False,False,MISS Jokic Free Throw 1 of 2,,89-76,89,76
0022100588,2022-01-07,DEN,SAC,32.92,3,3,5,DEN,DEN,reb,0,False,False,Jokic REBOUND (Off:1 Def:5),,89-76,89,76
0022100588,2022-01-07,DEN,SAC,32.92,3,3,5,DEN,DEN,reb,1,False,False,NUGGETS Rebound,,89-76,89,76
0022100588,2022-01-07,DEN,SAC,33.07,3,2,56,SAC,SAC,fg_miss,79,False,False,,MISS Hield 20' Pullup Jump Shot,90-76,90,76
0022100588,2022-01-07,DEN,SAC,33.1,3,2,54,DEN,DEN,reb,0,False,False,Jokic REBOUND (Off:1 Def:6),,90-76,90,76
0022100588,2022-01-07,DEN,SAC,33.22,3,2,47,DEN,DEN,fg3_miss,1,False,False,MISS Rivers 25' 3PT Jump Shot,,90-76,90,76
0022100588,2022-01-07,DEN,SAC,33.27,3,2,44,SAC,SAC,reb,0,False,False,,Thompson REBOUND (Off:1 Def:1),90-76,90,76
0022100588,2022-01-07,DEN,SAC,33.33,3,2,40,SAC,SAC,ft_make,12,False,False,,Fox Free Throw 2 of 2 (20 PTS),90-77,90,77
0022100588,2022-01-07,DEN,SAC,33.33,3,2,40,SAC,SAC,reb,1,False,False,,Kings Rebound,90-76,90,76
0022100588,2022-01-07,DEN,SAC,33.33,3,2,40,SAC,SAC,ft_miss,11,False,False,,MISS Fox Free Throw 1 of 2,90-76,90,76
0022100588,2022-01-07,DEN,SAC,33.33,3,2,40,SAC,DEN,foul,2,False,False,Green S.FOUL (P2.PN) (S.Mehta),,90-76,90,76
0022100588,2022-01-07,DEN,SAC,33.72,3,2,17,DEN,SAC,block,75,True,False,block,block,90-77,90,77
0022100588,2022-01-07,DEN,SAC,33.72,3,2,17,DEN,DEN,fg_miss,75,True,False,MISS Hyland 4' Driving Finger Roll Layup,,90-77,90,77
0022100588,2022-01-07,DEN,SAC,33.77,3,2,14,SAC,SAC,reb,0,False,False,,Bagley III REBOUND (Off:2 Def:1),90-77,90,77
0022100588,2022-01-07,DEN,SAC,34.02,3,1,59,SAC,SAC,fg_make,5,False,False,,Fox 3' Layup (22 PTS),90-79,90,79
0022100588,2022-01-07,DEN,SAC,34.27,3,1,44,DEN,DEN,fg_miss,80,False,False,MISS Hyland 17' Step Back Jump Shot,,90-79,90,79
0022100588,2022-01-07,DEN,SAC,34.28,3,1,43,SAC,SAC,reb,0,False,False,,Hield REBOUND (Off:0 Def:2),90-79,90,79
0022100588,2022-01-07,DEN,SAC,34.5,3,1,30,SAC,SAC,ft_make,11,False,False,,Fox Free Throw 1 of 2 (23 PTS),90-80,90,80
0022100588,2022-01-07,DEN,SAC,34.5,3,1,30,SAC,DEN,foul,2,False,False,Hyland S.FOUL (P1.PN) (J.Schroeder),,90-79,90,79
0022100588,2022-01-07,DEN,SAC,34.5,3,1,30,SAC,SAC,ft_make,12,False,False,,Fox Free Throw 2 of 2 (24 PTS),90-81,90,81
0022100588,2022-01-07,DEN,SAC,34.82,3,1,11,DEN,DEN,fg3_miss,1,False,False,MISS Green 3PT Jump Shot,,90-81,90,81
0022100588,2022-01-07,DEN,SAC,34.88,3,1,7,DEN,DEN,reb,0,False,False,Nnaji REBOUND (Off:2 Def:1),,90-81,90,81
0022100588,2022-01-07,DEN,SAC,35.0,3,1,0,DEN,DEN,fg_make,108,False,False,Green 1' Cutting Dunk Shot (9 PTS) (Campazzo 3 AST),,92-81,92,81
0022100588,2022-01-07,DEN,SAC,35.15,3,0,51,SAC,SAC,fg3_make,79,False,False,,Mitchell 27' 3PT Pullup Jump Shot (5 PTS),92-84,92,84
0022100588,2022-01-07,DEN,SAC,35.35,3,0,39,DEN,DEN,fg_make,98,False,False,Green 2' Cutting Layup Shot (11 PTS) (Campazzo 4 AST),,94-84,94,84
0022100588,2022-01-07,DEN,SAC,35.5,3,0,30,SAC,SAC,fg_miss,6,False,False,,MISS Mitchell 6' Driving Layup,94-84,94,84
0022100588,2022-01-07,DEN,SAC,35.53,3,0,28,SAC,SAC,reb,0,False,False,,Thompson REBOUND (Off:2 Def:1),94-84,94,84
0022100588,2022-01-07,DEN,SAC,35.58,3,0,25,SAC,SAC,fg_miss,3,False,False,,MISS Thompson 4' Hook Shot,94-84,94,84
0022100588,2022-01-07,DEN,SAC,35.65,3,0,21,DEN,DEN,reb,0,False,False,Green REBOUND (Off:0 Def:3),,94-84,94,84
0022100588,2022-01-07,DEN,SAC,35.67,3,0,20,DEN,DEN,tov,2,False,True,Green Lost Ball Turnover (P1.T8),,94-84,94,84
0022100588,2022-01-07,DEN,SAC,35.67,3,0,20,DEN,SAC,steal,2,False,True,steal,steal,94-84,94,84
0022100588,2022-01-07,DEN,SAC,35.68,3,0,19,SAC,DEN,foul,1,False,False,Campazzo P.FOUL (P2.PN) (S.Mehta),,94-84,94,84
0022100588,2022-01-07,DEN,SAC,35.68,3,0,19,SAC,SAC,ft_miss,11,False,False,,MISS Thompson Free Throw 1 of 2,94-84,94,84
0022100588,2022-01-07,DEN,SAC,35.68,3,0,19,SAC,SAC,reb,1,False,False,,Kings Rebound,94-84,94,84
0022100588,2022-01-07,DEN,SAC,35.68,3,0,19,SAC,SAC,ft_make,12,False,False,,Thompson Free Throw 2 of 2 (1 PTS),94-85,94,85
0022100588,2022-01-07,DEN,SAC,35.92,3,0,5,DEN,DEN,fg_make,108,False,False,Green 2' Cutting Dunk Shot (13 PTS) (Campazzo 5 AST),,96-85,96,85
0022100588,2022-01-07,DEN,SAC,36.0,3,0,0,SAC,SAC,fg_miss,75,False,False,,MISS Mitchell 3' Driving Finger Roll Layup,96-85,96,85
0022100588,2022-01-07,DEN,SAC,36.0,3,0,0,SAC,SAC,reb,0,False,False,,Kings Rebound,96-85,96,85
0022100588,2022-01-07,DEN,SAC,36.0,3,0,0,SAC,,period_end,0,False,False,,,96-85,96,85
0022100588,2022-01-07,DEN,SAC,36.0,4,12,0,SAC,,period_start,0,False,False,,,96-85,96,85
0022100588,2022-01-07,DEN,SAC,36.23,4,11,46,DEN,DEN,fg_make,99,False,False,Hyland 4' Cutting Finger Roll Layup Shot (8 PTS) (Green 1 AST),,98-85,98,85
0022100588,2022-01-07,DEN,SAC,36.68,4,11,19,SAC,SAC,fg_make,73,False,False,,Bagley III 3' Driving Reverse Layup (12 PTS) (Mitchell 3 AST),98-87,98,87
0022100588,2022-01-07,DEN,SAC,36.87,4,11,8,DEN,SAC,foul,1,False,False,,Mitchell P.FOUL (P1.T1) (B.Forte),98-87,98,87
0022100588,2022-01-07,DEN,SAC,37.05,4,10,57,DEN,DEN,fg3_make,1,False,False,Green 26' 3PT Jump Shot (16 PTS) (Hyland 3 AST),,101-87,101,87
0022100588,2022-01-07,DEN,SAC,37.23,4,10,46,SAC,DEN,foul,1,False,False,Campazzo P.FOUL (P3.T1) (S.Mehta),,101-87,101,87
0022100588,2022-01-07,DEN,SAC,37.37,4,10,38,SAC,SAC,fg3_miss,1,False,False,,MISS Bagley III 3PT Jump Shot,101-87,101,87
0022100588,2022-01-07,DEN,SAC,37.45,4,10,33,DEN,DEN,reb,0,False,False,Campazzo REBOUND (Off:0 Def:1),,101-87,101,87
0022100588,2022-01-07,DEN,SAC,37.5,4,10,30,DEN,DEN,fg3_make,1,False,False,Hyland 27' 3PT Jump Shot (11 PTS) (Campazzo 6 AST),,104-87,104,87
0022100588,2022-01-07,DEN,SAC,37.57,4,10,26,SAC,SAC,timeout,1,False,False,,Kings Timeout: Regular (Reg.4 Short 0),104-87,104,87
0022100588,2022-01-07,DEN,SAC,37.72,4,10,17,SAC,DEN,foul,1,False,False,Rivers P.FOUL (P2.T2) (B.Forte),,104-87,104,87
0022100588,2022-01-07,DEN,SAC,37.92,4,10,5,SAC,SAC,tov,39,False,False,,Harkless Step Out of Bounds Turnover (P2.T9),104-87,104,87
0022100588,2022-01-07,DEN,SAC,38.07,4,9,56,DEN,SAC,foul,2,False,False,,Harkless S.FOUL (P2.T2) (J.Schroeder),104-87,104,87
0022100588,2022-01-07,DEN,SAC,38.07,4,9,56,DEN,DEN,ft_make,11,False,False,Green Free Throw 1 of 2 (17 PTS),,105-87,105,87
0022100588,2022-01-07,DEN,SAC,38.07,4,9,56,DEN,DEN,ft_make,12,False,False,Green Free Throw 2 of 2 (18 PTS),,106-87,106,87
0022100588,2022-01-07,DEN,SAC,38.28,4,9,43,SAC,SAC,fg3_miss,1,False,False,,MISS Mitchell 25' 3PT Jump Shot,106-87,106,87
0022100588,2022-01-07,DEN,SAC,38.32,4,9,41,SAC,SAC,reb,0,False,False,,Kings Rebound,106-87,106,87
0022100588,2022-01-07,DEN,SAC,38.32,4,9,41,SAC,DEN,foul,3,False,False,Green L.B.FOUL (P3.T3) (B.Forte),,106-87,106,87
0022100588,2022-01-07,DEN,SAC,38.45,4,9,33,SAC,SAC,fg_miss,75,False,False,,MISS Mitchell 4' Driving Finger Roll Layup,106-87,106,87
0022100588,2022-01-07,DEN,SAC,38.48,4,9,31,DEN,DEN,reb,0,False,False,Hyland REBOUND (Off:0 Def:5),,106-87,106,87
0022100588,2022-01-07,DEN,SAC,38.57,4,9,26,DEN,DEN,fg_make,75,False,False,Hyland 3' Driving Finger Roll Layup (13 PTS),,108-87,108,87
0022100588,2022-01-07,DEN,SAC,38.78,4,9,13,SAC,DEN,foul,2,False,False,Nnaji S.FOUL (P3.T4) (S.Mehta),,108-87,108,87
0022100588,2022-01-07,DEN,SAC,38.78,4,9,13,SAC,SAC,ft_make,11,False,False,,Thompson Free Throw 1 of 2 (2 PTS),108-88,108,88
0022100588,2022-01-07,DEN,SAC,38.78,4,9,13,SAC,SAC,ft_make,12,False,False,,Thompson Free Throw 2 of 2 (3 PTS),108-89,108,89
0022100588,2022-01-07,DEN,SAC,39.07,4,8,56,DEN,SAC,foul,2,False,False,,Thompson S.FOUL (P1.T3) (S.Mehta),108-89,108,89
0022100588,2022-01-07,DEN,SAC,39.07,4,8,56,DEN,DEN,ft_miss,11,False,False,MISS Nnaji Free Throw 1 of 2,,108-89,108,89
0022100588,2022-01-07,DEN,SAC,39.07,4,8,56,DEN,DEN,reb,1,False,False,NUGGETS Rebound,,108-89,108,89
0022100588,2022-01-07,DEN,SAC,39.07,4,8,56,DEN,DEN,ft_miss,12,False,False,MISS Nnaji Free Throw 2 of 2,,108-89,108,89
0022100588,2022-01-07,DEN,SAC,39.12,4,8,53,SAC,SAC,reb,0,False,False,,Bagley III REBOUND (Off:2 Def:2),108-89,108,89
0022100588,2022-01-07,DEN,SAC,39.37,4,8,38,SAC,DEN,steal,2,False,True,steal,steal,108-89,108,89
0022100588,2022-01-07,DEN,SAC,39.37,4,8,38,SAC,SAC,tov,2,False,True,,Thompson Lost Ball Turnover (P1.T10),108-89,108,89
0022100588,2022-01-07,DEN,SAC,39.55,4,8,27,DEN,DEN,ft_make,12,False,False,Campazzo Free Throw 2 of 2 (2 PTS),,110-89,110,89
0022100588,2022-01-07,DEN,SAC,39.55,4,8,27,DEN,SAC,foul,2,False,False,,Haliburton S.FOUL (P1.T4) (B.Forte),108-89,108,89
0022100588,2022-01-07,DEN,SAC,39.55,4,8,27,DEN,DEN,ft_make,11,False,False,Campazzo Free Throw 1 of 2 (1 PTS),,109-89,109,89
0022100588,2022-01-07,DEN,SAC,39.78,4,8,13,SAC,SAC,fg_make,5,False,False,,Thompson 4' Layup (5 PTS),110-91,110,91
0022100588,2022-01-07,DEN,SAC,40.22,4,7,47,DEN,DEN,fg_miss,47,False,False,MISS Hyland 11' Turnaround Jump Shot,,110-91,110,91
0022100588,2022-01-07,DEN,SAC,40.25,4,7,45,SAC,SAC,reb,0,False,False,,Bagley III REBOUND (Off:2 Def:3),110-91,110,91
0022100588,2022-01-07,DEN,SAC,40.33,4,7,40,DEN,SAC,foul,4,False,False,,Bagley III OFF.Foul (P2) (S.Mehta),110-91,110,91
0022100588,2022-01-07,DEN,SAC,40.33,4,7,40,SAC,SAC,tov,37,False,False,,Bagley III Offensive Foul Turnover (P1.T11),110-91,110,91
0022100588,2022-01-07,DEN,SAC,40.33,4,7,40,DEN,DEN,timeout,1,False,False,NUGGETS Timeout: Regular (Full 4 Short 0),,110-91,110,91
0022100588,2022-01-07,DEN,SAC,40.55,4,7,27,DEN,DEN,fg_miss,79,False,False,MISS Jokic 15' Pullup Jump Shot,,110-91,110,91
0022100588,2022-01-07,DEN,SAC,40.62,4,7,23,SAC,SAC,reb,0,False,False,,Fox REBOUND (Off:2 Def:4),110-91,110,91
0022100588,2022-01-07,DEN,SAC,40.82,4,7,11,SAC,SAC,fg_miss,6,False,False,,MISS Barnes 4' Driving Layup,110-91,110,91
0022100588,2022-01-07,DEN,SAC,40.83,4,7,10,SAC,SAC,reb,0,False,False,,Barnes REBOUND (Off:1 Def:5),110-91,110,91
0022100588,2022-01-07,DEN,SAC,40.92,4,7,5,SAC,SAC,fg_miss,47,False,False,,MISS Fox 10' Turnaround Jump Shot,110-91,110,91
0022100588,2022-01-07,DEN,SAC,40.95,4,7,3,DEN,DEN,reb,0,False,False,Campazzo REBOUND (Off:0 Def:2),,110-91,110,91
0022100588,2022-01-07,DEN,SAC,41.27,4,6,44,DEN,DEN,fg3_miss,1,False,False,MISS Morris 3PT Jump Shot,,110-91,110,91
0022100588,2022-01-07,DEN,SAC,41.32,4,6,41,SAC,SAC,reb,0,False,False,,Mitchell REBOUND (Off:0 Def:2),110-91,110,91
0022100588,2022-01-07,DEN,SAC,41.42,4,6,35,SAC,SAC,fg_miss,101,False,False,,MISS Mitchell 15' Driving Floating Jump Shot,110-91,110,91
0022100588,2022-01-07,DEN,SAC,41.45,4,6,33,DEN,DEN,reb,0,False,False,Jokic REBOUND (Off:1 Def:7),,110-91,110,91
0022100588,2022-01-07,DEN,SAC,41.62,4,6,23,DEN,DEN,fg_miss,99,False,False,MISS Jokic 3' Cutting Finger Roll Layup Shot,,110-91,110,91
0022100588,2022-01-07,DEN,SAC,41.65,4,6,21,SAC,SAC,reb,0,False,False,,Len REBOUND (Off:2 Def:5),110-91,110,91
0022100588,2022-01-07,DEN,SAC,41.77,4,6,14,SAC,SAC,fg3_make,80,False,False,,Mitchell 26' 3PT Step Back Jump Shot (8 PTS),110-94,110,94
0022100588,2022-01-07,DEN,SAC,42.02,4,5,59,DEN,DEN,fg_make,99,False,False,Morris 2' Cutting Finger Roll Layup Shot (13 PTS) (Jokic 7 AST),,112-94,112,94
0022100588,2022-01-07,DEN,SAC,42.22,4,5,47,SAC,SAC,fg3_make,1,False,False,,Barnes 27' 3PT Jump Shot (9 PTS) (Len 2 AST),112-97,112,97
0022100588,2022-01-07,DEN,SAC,42.6,4,5,24,DEN,DEN,ft_make,19,False,False,Jokic Free Throw Flagrant 2 of 2 (31 PTS),,115-97,115,97
0022100588,2022-01-07,DEN,SAC,42.6,4,5,24,DEN,DEN,fg_make,99,False,False,Jokic 2' Cutting Finger Roll Layup Shot (30 PTS) (Morris 4 AST),,114-97,114,97
0022100588,2022-01-07,DEN,SAC,42.6,4,5,24,DEN,SAC,foul,14,False,False,,Len FLAGRANT.FOUL.TYPE1 (P4.PN) (J.Schroeder),114-97,114,97
0022100588,2022-01-07,DEN,SAC,42.6,4,5,24,DEN,DEN,ft_miss,18,False,False,MISS Jokic Free Throw Flagrant 1 of 2,,114-97,114,97
0022100588,2022-01-07,DEN,SAC,42.6,4,5,24,DEN,DEN,reb,1,False,False,NUGGETS Rebound,,114-97,114,97
0022100588,2022-01-07,DEN,SAC,42.73,4,5,16,DEN,DEN,reb,1,False,False,NUGGETS Rebound,,115-97,115,97
0022100588,2022-01-07,DEN,SAC,42.73,4,5,16,DEN,DEN,ft_miss,12,False,False,MISS Morris Free Throw 2 of 2,,115-97,115,97
0022100588,2022-01-07,DEN,SAC,42.73,4,5,16,DEN,DEN,ft_miss,11,False,False,MISS Morris Free Throw 1 of 2,,115-97,115,97
0022100588,2022-01-07,DEN,SAC,42.73,4,5,16,DEN,SAC,foul,1,False,False,,Haliburton P.FOUL (P2.PN) (B.Forte),115-97,115,97
0022100588,2022-01-07,DEN,SAC,42.8,4,5,12,SAC,SAC,reb,0,False,False,,Len REBOUND (Off:2 Def:6),115-97,115,97
0022100588,2022-01-07,DEN,SAC,43.0,4,5,0,SAC,SAC,fg3_miss,79,False,False,,MISS Hield 26' 3PT Pullup Jump Shot,115-97,115,97
0022100588,2022-01-07,DEN,SAC,43.05,4,4,57,DEN,DEN,reb,0,False,False,Morris REBOUND (Off:1 Def:2),,115-97,115,97
0022100588,2022-01-07,DEN,SAC,43.35,4,4,39,DEN,DEN,fg3_miss,1,False,False,MISS Campazzo 25' 3PT Jump Shot,,115-97,115,97
0022100588,2022-01-07,DEN,SAC,43.4,4,4,36,SAC,SAC,reb,0,False,False,,Barnes REBOUND (Off:1 Def:6),115-97,115,97
0022100588,2022-01-07,DEN,SAC,43.52,4,4,29,SAC,SAC,fg_miss,79,False,False,,MISS Hield 16' Pullup Jump Shot,115-97,115,97
0022100588,2022-01-07,DEN,SAC,43.55,4,4,27,DEN,DEN,reb,0,False,False,Jokic REBOUND (Off:1 Def:8),,115-97,115,97
0022100588,2022-01-07,DEN,SAC,43.75,4,4,15,DEN,DEN,fg3_miss,1,False,False,MISS Barton 24' 3PT Jump Shot,,115-97,115,97
0022100588,2022-01-07,DEN,SAC,43.78,4,4,13,SAC,SAC,reb,0,False,False,,Haliburton REBOUND (Off:0 Def:4),115-97,115,97
0022100588,2022-01-07,DEN,SAC,43.98,4,4,1,SAC,SAC,fg_miss,78,False,False,,MISS Len 12' Floating Jump Shot,115-97,115,97
0022100588,2022-01-07,DEN,SAC,44.03,4,3,58,DEN,DEN,reb,0,False,False,Jokic REBOUND (Off:1 Def:9),,115-97,115,97
0022100588,2022-01-07,DEN,SAC,44.32,4,3,41,DEN,DEN,fg3_miss,1,False,False,MISS Morris 3PT Jump Shot,,115-97,115,97
0022100588,2022-01-07,DEN,SAC,44.38,4,3,37,SAC,SAC,reb,0,False,False,,Len REBOUND (Off:2 Def:7),115-97,115,97
0022100588,2022-01-07,DEN,SAC,44.47,4,3,32,SAC,SAC,fg3_make,1,False,False,,Haliburton 27' 3PT Jump Shot (12 PTS) (Fox 5 AST),115-100,115,100
0022100588,2022-01-07,DEN,SAC,44.48,4,3,31,DEN,DEN,timeout,1,False,False,NUGGETS Timeout: Regular (Full 5 Short 0),,115-100,115,100
0022100588,2022-01-07,DEN,SAC,44.75,4,3,15,DEN,DEN,fg3_miss,1,False,False,MISS Jokic 26' 3PT Jump Shot,,115-100,115,100
0022100588,2022-01-07,DEN,SAC,44.8,4,3,12,SAC,SAC,reb,0,False,False,,Barnes REBOUND (Off:1 Def:7),115-100,115,100
0022100588,2022-01-07,DEN,SAC,45.07,4,2,56,SAC,SAC,fg_make,79,False,False,,Fox 16' Pullup Jump Shot (26 PTS) (Hield 2 AST),115-102,115,102
0022100588,2022-01-07,DEN,SAC,45.43,4,2,34,DEN,DEN,fg_make,75,False,False,Campazzo 3' Driving Finger Roll Layup (4 PTS),,117-102,117,102
0022100588,2022-01-07,DEN,SAC,45.6,4,2,24,SAC,SAC,fg_make,101,False,False,,Haliburton 15' Driving Floating Jump Shot (14 PTS),117-104,117,104
0022100588,2022-01-07,DEN,SAC,46.0,4,2,0,DEN,DEN,fg_miss,79,False,False,MISS Barton 19' Pullup Jump Shot,,117-104,117,104
0022100588,2022-01-07,DEN,SAC,46.03,4,1,58,SAC,SAC,reb,0,False,False,,Fox REBOUND (Off:2 Def:5),117-104,117,104
0022100588,2022-01-07,DEN,SAC,46.13,4,1,52,SAC,SAC,fg_make,80,False,False,,Fox 14' Step Back Jump Shot (28 PTS),117-106,117,106
0022100588,2022-01-07,DEN,SAC,46.38,4,1,37,DEN,DEN,fg_make,78,False,False,Jokic 11' Floating Jump Shot (33 PTS) (Campazzo 7 AST),,119-106,119,106
0022100588,2022-01-07,DEN,SAC,46.63,4,1,22,SAC,SAC,fg3_miss,1,False,False,,MISS Hield 26' 3PT Jump Shot,119-106,119,106
0022100588,2022-01-07,DEN,SAC,46.7,4,1,18,SAC,SAC,reb,0,False,False,,Len REBOUND (Off:3 Def:7),119-106,119,106
0022100588,2022-01-07,DEN,SAC,46.73,4,1,16,SAC,SAC,fg3_make,1,False,False,,Hield 32' 3PT Jump Shot (7 PTS) (Haliburton 6 AST),119-109,119,109
0022100588,2022-01-07,DEN,SAC,46.98,4,1,1,DEN,DEN,fg3_miss,1,False,False,MISS Gordon 3PT Jump Shot,,119-109,119,109
0022100588,2022-01-07,DEN,SAC,47.03,4,0,58,SAC,SAC,reb,0,False,False,,Barnes REBOUND (Off:1 Def:8),119-109,119,109
0022100588,2022-01-07,DEN,SAC,47.1,4,0,54,SAC,DEN,block,1,True,False,block,block,119-109,119,109
0022100588,2022-01-07,DEN,SAC,47.1,4,0,54,SAC,SAC,fg3_miss,1,True,False,,MISS Hield 28' 3PT Jump Shot,119-109,119,109
0022100588,2022-01-07,DEN,SAC,47.13,4,0,52,DEN,DEN,reb,0,False,False,Campazzo REBOUND (Off:0 Def:3),,119-109,119,109
0022100588,2022-01-07,DEN,SAC,47.15,4,0,51,DEN,DEN,fg_make,76,False,False,Campazzo 3' Running Finger Roll Layup (6 PTS),,121-109,121,109
0022100588,2022-01-07,DEN,SAC,47.23,4,0,46,SAC,SAC,fg_make,79,False,False,,Fox 17' Pullup Jump Shot (30 PTS),121-111,121,111
0022100588,2022-01-07,DEN,SAC,47.25,4,0,45,DEN,DEN,timeout,1,False,False,NUGGETS Timeout: Regular (Full 6 Short 0),,121-111,121,111
0022100588,2022-01-07,DEN,SAC,47.6,4,0,24,DEN,DEN,fg3_miss,80,False,False,MISS Campazzo 26' 3PT Step Back Jump Shot,,121-111,121,111
0022100588,2022-01-07,DEN,SAC,47.65,4,0,21,SAC,SAC,reb,0,False,False,,Woodard II REBOUND (Off:0 Def:1),121-111,121,111
0022100588,2022-01-07,DEN,SAC,47.75,4,0,15,SAC,SAC,tov,45,False,False,,Hield Out of Bounds - Bad Pass Turnover Turnover (P2.T12),121-111,121,111
0022100588,2022-01-07,DEN,SAC,48.0,4,0,0,SAC,,period_end,0,False,False,,,121-111,121,111
